1673190024.084309 1626.085000 8.648547e-08 -3.665179e-07 3.712121e-08
1673190027.343768 1626.313400 8.747305e-08 -3.768430e-07 3.712121e-08
1673190030.602734 1626.541600 8.868991e-08 -3.896198e-07 3.712121e-08
1673190033.861543 1626.769900 9.028388e-08 -4.023952e-07 3.712121e-08
1673190037.120651 1626.998200 9.170626e-08 -4.162821e-07 3.712121e-08
1673190040.447687 1627.226400 9.266498e-08 -4.316531e-07 3.712121e-08
1673190043.705766 1627.454800 9.372950e-08 -4.475389e-07 3.712121e-08
1673190046.965908 1627.683100 9.513669e-08 -4.651067e-07 3.712121e-08
1673190050.224560 1627.911400 9.552698e-08 -4.841874e-07 3.712121e-08
1673190053.482598 1628.139600 9.775720e-08 -5.051926e-07 3.712121e-08
1673190056.741824 1628.368000 9.849777e-08 -5.288557e-07 3.712121e-08
1673190060.000603 1628.596300 9.864511e-08 -5.531362e-07 3.712121e-08
1673190063.292543 1628.824600 9.917713e-08 -5.800286e-07 3.712121e-08
1673190066.550738 1629.052900 9.886588e-08 -6.128280e-07 3.712121e-08
1673190069.832535 1629.281200 9.516634e-08 -6.515293e-07 3.712121e-08
1673190073.091730 1629.509500 9.218657e-08 -6.936321e-07 3.712121e-08
1673190076.412554 1629.737800 8.774548e-08 -7.411155e-07 3.712121e-08
1673190079.670642 1629.966100 8.003354e-08 -7.979072e-07 3.712121e-08
1673190082.990530 1630.194500 7.023365e-08 -8.654500e-07 3.712121e-08
1673190086.251653 1630.422700 5.096689e-08 -9.521058e-07 3.712121e-08
1673190089.502732 1630.651000 1.764039e-08 -1.061276e-06 3.712121e-08
1673190092.825586 1630.879300 -3.018702e-08 -1.206101e-06 3.712121e-08
1673190096.080535 1631.107500 -1.716439e-07 -1.457357e-06 3.712121e-08
1673190099.408578 1631.335900 -2.558880e-06 -7.233214e-07 3.712121e-08
1673190102.664531 1631.564200 -2.944637e-06 2.296195e-08 3.712121e-08
1673190105.986778 1631.792500 -2.845094e-06 3.741184e-07 3.712121e-08
1673190109.233701 1632.020800 -2.685383e-06 6.242317e-07 3.712121e-08
1673190112.492743 1632.249100 -2.504818e-06 8.303085e-07 3.712121e-08
1673190115.820617 1632.477400 -2.318306e-06 9.833539e-07 3.712121e-08
1673190119.078834 1632.705700 -2.128371e-06 1.108251e-06 3.712121e-08
1673190122.398744 1632.934000 -1.940740e-06 1.198679e-06 3.712121e-08
1673190125.655585 1633.162400 -1.761507e-06 1.246998e-06 3.712121e-08
1673190128.999621 1633.390600 -1.596380e-06 1.262937e-06 3.712121e-08
1673190132.253633 1633.618900 -1.439195e-06 1.273061e-06 3.712121e-08
1673190135.574701 1633.847200 -1.293935e-06 1.262128e-06 3.712121e-08
1673190138.831764 1634.075400 -1.160352e-06 1.239720e-06 3.712121e-08
1673190142.090752 1634.303800 -1.039627e-06 1.217242e-06 3.712121e-08
1673190145.343770 1634.532100 -9.253241e-07 1.187783e-06 3.712121e-08
1673190148.602870 1634.760400 -8.282618e-07 1.143671e-06 3.712121e-08
1673190151.952747 1634.988600 -7.415657e-07 1.099098e-06 3.712121e-08
1673190155.210682 1635.217000 -6.655396e-07 1.051832e-06 3.712121e-08
1673190158.518663 1635.445300 -5.991612e-07 1.002329e-06 3.712121e-08
1673190161.771799 1635.673600 -5.408308e-07 9.548459e-07 3.712121e-08
1673190165.094796 1635.901900 -4.913730e-07 9.047862e-07 3.712121e-08
1673190168.347751 1636.130200 -4.485167e-07 8.595553e-07 3.712121e-08
1673190171.606795 1636.358500 -4.102361e-07 8.182371e-07 3.712121e-08
1673190175.106894 1636.586800 -3.735424e-07 7.836610e-07 3.712121e-08
1673190178.366801 1636.815100 -3.429111e-07 7.498392e-07 3.712121e-08
1673190181.622899 1637.043500 -3.169325e-07 7.145494e-07 3.712121e-08
1673190184.881220 1637.271700 -2.925538e-07 6.830610e-07 3.712121e-08

1673190218.543380 1637.500000 -2.687396e-07 6.544071e-07 3.712121e-08
1673190221.795960 1637.271700 -2.904330e-07 6.805201e-07 3.712121e-08
1673190225.162017 1637.043500 -3.144826e-07 7.116643e-07 3.712121e-08
1673190228.418930 1636.815100 -3.406424e-07 7.461594e-07 3.712121e-08
1673190231.678916 1636.586800 -3.708122e-07 7.804975e-07 3.712121e-08
1673190234.938199 1636.358500 -4.061195e-07 8.154127e-07 3.712121e-08
1673190238.187883 1636.130200 -4.445645e-07 8.562500e-07 3.712121e-08
1673190241.478700 1635.901900 -4.875610e-07 9.018656e-07 3.712121e-08
1673190244.731019 1635.673600 -5.361588e-07 9.514951e-07 3.712121e-08
1673190248.048502 1635.445300 -5.926366e-07 9.967310e-07 3.712121e-08
1673190251.309196 1635.217000 -6.576738e-07 1.049929e-06 3.712121e-08
1673190254.642000 1634.988600 -7.341401e-07 1.097833e-06 3.712121e-08
1673190257.901301 1634.760400 -8.199049e-07 1.142304e-06 3.712121e-08
1673190261.151045 1634.532100 -9.148819e-07 1.185146e-06 3.712121e-08
1673190264.409429 1634.303800 -1.027028e-06 1.218340e-06 3.712121e-08
1673190267.663987 1634.075400 -1.149399e-06 1.245238e-06 3.712121e-08
1673190270.956843 1633.847200 -1.282986e-06 1.267731e-06 3.712121e-08
1673190274.211211 1633.618900 -1.427193e-06 1.283341e-06 3.712121e-08
1673190277.538989 1633.390600 -1.584682e-06 1.281448e-06 3.712121e-08
1673190280.798119 1633.162400 -1.752244e-06 1.265584e-06 3.712121e-08
1673190284.127000 1632.934000 -1.928866e-06 1.214532e-06 3.712121e-08
1673190287.386563 1632.705700 -2.112270e-06 1.132451e-06 3.712121e-08
1673190290.641254 1632.477400 -2.294982e-06 1.013618e-06 3.712121e-08
1673190293.900078 1632.249100 -2.473522e-06 8.509096e-07 3.712121e-08
1673190297.154181 1632.020800 -2.634028e-06 6.961077e-07 3.712121e-08
1673190300.477535 1631.792500 -2.801245e-06 4.642619e-07 3.712121e-08
1673190303.724099 1631.564200 -2.929685e-06 1.511149e-07 3.712121e-08
1673190306.979489 1631.335900 -2.994555e-06 -3.049382e-07 3.712121e-08
1673190310.239533 1631.107500 -2.860845e-06 -9.769324e-07 3.712121e-08
1673190313.498383 1630.879300 -5.033341e-07 -1.400818e-06 3.712121e-08
1673190316.758226 1630.651000 -2.469716e-08 -1.127093e-06 3.712121e-08
1673190320.017162 1630.422700 3.224615e-08 -9.972358e-07 3.712121e-08
1673190323.274186 1630.194500 6.704175e-08 -8.934716e-07 3.712121e-08
1673190326.532610 1629.966100 7.892908e-08 -8.203254e-07 3.712121e-08
1673190329.791259 1629.737800 8.712695e-08 -7.607953e-07 3.712121e-08
1673190333.049203 1629.509500 9.126635e-08 -7.104470e-07 3.712121e-08
1673190336.307172 1629.281200 9.458576e-08 -6.664613e-07 3.712121e-08
1673190339.565317 1629.052900 9.646259e-08 -6.280131e-07 3.712121e-08
1673190342.837402 1628.824600 9.772139e-08 -5.937913e-07 3.712121e-08
1673190346.096639 1628.596300 9.896349e-08 -5.646616e-07 3.712121e-08
1673190349.355794 1628.368000 9.814751e-08 -5.386297e-07 3.712121e-08
1673190352.615678 1628.139600 9.723383e-08 -5.151641e-07 3.712121e-08
1673190355.874688 1627.911400 9.706675e-08 -4.931977e-07 3.712121e-08
1673190359.132680 1627.683100 9.561198e-08 -4.724527e-07 3.712121e-08
1673190362.390605 1627.454800 9.483396e-08 -4.544825e-07 3.712121e-08
1673190365.650750 1627.226400 9.367581e-08 -4.370388e-07 3.712121e-08
1673190368.909774 1626.998200 9.261584e-08 -4.217184e-07 3.712121e-08
1673190372.169427 1626.769900 9.123295e-08 -4.081939e-07 3.712121e-08
1673190375.428300 1626.541600 8.991636e-08 -3.949073e-07 3.712121e-08

1673191973.696615 1623.601000 1.025245e-07 -4.483288e-07 5.833334e-08
1673191976.948931 1623.890300 1.043792e-07 -4.615336e-07 5.833334e-08
1673191980.198701 1624.179400 1.054767e-07 -4.760721e-07 5.833334e-08
1673191983.456675 1624.468800 1.084576e-07 -4.910070e-07 5.833334e-08
1673191986.715803 1624.757900 1.100906e-07 -5.079397e-07 5.833334e-08
1673191989.974782 1625.047200 1.118395e-07 -5.250071e-07 5.833334e-08
1673191993.234293 1625.336400 1.138253e-07 -5.446104e-07 5.833334e-08
1673191996.568826 1625.625700 1.157721e-07 -5.649273e-07 5.833334e-08
1673191999.828763 1625.914900 1.185106e-07 -5.873499e-07 5.833334e-08
1673192003.086747 1626.204100 1.213938e-07 -6.110026e-07 5.833334e-08
1673192006.345764 1626.493400 1.223946e-07 -6.380263e-07 5.833334e-08
1673192009.605838 1626.782600 1.238297e-07 -6.684109e-07 5.833334e-08
1673192012.867009 1627.071900 1.249403e-07 -7.016503e-07 5.833334e-08
1673192016.126803 1627.361100 1.253863e-07 -7.379167e-07 5.833334e-08
1673192019.383754 1627.650400 1.244965e-07 -7.812137e-07 5.833334e-08
1673192022.643828 1627.939600 1.245032e-07 -8.291118e-07 5.833334e-08
1673192025.900991 1628.228900 1.218079e-07 -8.845366e-07 5.833334e-08
1673192029.160377 1628.518100 1.212249e-07 -9.470781e-07 5.833334e-08
1673192032.419842 1628.807400 1.149065e-07 -1.022314e-06 5.833334e-08
1673192035.679866 1629.096600 1.057971e-07 -1.113566e-06 5.833334e-08
1673192039.021889 1629.385700 8.431235e-08 -1.230768e-06 5.833334e-08
1673192042.279827 1629.675000 4.972290e-08 -1.391127e-06 5.833334e-08
1673192045.537885 1629.964200 -4.845877e-08 -1.655002e-06 5.833334e-08
1673192048.797079 1630.253500 -3.448618e-06 2.533540e-07 5.833334e-08
1673192052.055020 1630.542700 -3.745805e-06 1.003001e-06 5.833334e-08
1673192055.311202 1630.832000 -3.550096e-06 1.275690e-06 5.833334e-08
1673192058.570277 1631.121200 -3.320190e-06 1.477353e-06 5.833334e-08
1673192061.829431 1631.410500 -3.087920e-06 1.597650e-06 5.833334e-08
1673192065.087909 1631.699700 -2.856461e-06 1.697659e-06 5.833334e-08
1673192068.347361 1631.989000 -2.624885e-06 1.777260e-06 5.833334e-08
1673192071.607126 1632.278200 -2.397211e-06 1.828485e-06 5.833334e-08
1673192074.928974 1632.567400 -2.183867e-06 1.849907e-06 5.833334e-08
1673192078.187438 1632.856700 -1.976025e-06 1.848510e-06 5.833334e-08
1673192081.627458 1633.145900 -1.786886e-06 1.824144e-06 5.833334e-08
1673192084.886157 1633.435200 -1.607845e-06 1.790996e-06 5.833334e-08
1673192088.165996 1633.724400 -1.440906e-06 1.754810e-06 5.833334e-08
1673192091.424992 1634.013700 -1.291618e-06 1.693686e-06 5.833334e-08
1673192094.683998 1634.302900 -1.156285e-06 1.632299e-06 5.833334e-08
1673192097.942230 1634.592200 -1.035853e-06 1.559892e-06 5.833334e-08
1673192101.199478 1634.881300 -9.242941e-07 1.492005e-06 5.833334e-08
1673192104.503165 1635.170700 -8.302085e-07 1.416369e-06 5.833334e-08
1673192107.761816 1635.459800 -7.456489e-07 1.350831e-06 5.833334e-08
1673192111.096059 1635.749000 -6.742750e-07 1.280418e-06 5.833334e-08
1673192114.355573 1636.038300 -6.088840e-07 1.220367e-06 5.833334e-08
1673192117.666981 1636.327500 -5.517284e-07 1.160949e-06 5.833334e-08
1673192120.920444 1636.616800 -5.027378e-07 1.100928e-06 5.833334e-08
1673192124.284233 1636.906000 -4.585593e-07 1.048591e-06 5.833334e-08
1673192127.537133 1637.195300 -4.192700e-07 9.971192e-07 5.833334e-08
1673192130.789108 1637.484500 -3.858349e-07 9.470547e-07 5.833334e-08
1673192134.141116 1637.773800 -3.573193e-07 9.005840e-07 5.833334e-08

1673192167.864342 1638.160000 -3.208582e-07 8.440660e-07 5.833334e-08
1673192171.125273 1637.855300 -3.458351e-07 8.857736e-07 5.833334e-08
1673192174.386176 1637.550800 -3.748609e-07 9.329429e-07 5.833334e-08
1673192177.646207 1637.246100 -4.083622e-07 9.838424e-07 5.833334e-08
1673192180.898280 1636.941500 -4.490136e-07 1.038275e-06 5.833334e-08
1673192184.150400 1636.636800 -4.948437e-07 1.093791e-06 5.833334e-08
1673192187.500238 1636.332300 -5.461859e-07 1.155315e-06 5.833334e-08
1673192190.754358 1636.027700 -6.058015e-07 1.217644e-06 5.833334e-08
1673192194.031256 1635.723000 -6.739662e-07 1.283020e-06 5.833334e-08
1673192197.303344 1635.418500 -7.495412e-07 1.355310e-06 5.833334e-08
1673192200.625429 1635.113800 -8.376085e-07 1.424306e-06 5.833334e-08
1673192203.882359 1634.809200 -9.403040e-07 1.501399e-06 5.833334e-08
1673192207.143241 1634.504500 -1.059060e-06 1.577744e-06 5.833334e-08
1673192210.446528 1634.200000 -1.189205e-06 1.649584e-06 5.833334e-08
1673192213.707317 1633.895300 -1.335786e-06 1.715512e-06 5.833334e-08
1673192217.020615 1633.590700 -1.497921e-06 1.772921e-06 5.833334e-08
1673192220.280306 1633.286100 -1.678500e-06 1.813930e-06 5.833334e-08
1673192223.557537 1632.981400 -1.871835e-06 1.839329e-06 5.833334e-08
1673192226.818478 1632.676900 -2.082087e-06 1.857079e-06 5.833334e-08
1673192230.135358 1632.372200 -2.303418e-06 1.841929e-06 5.833334e-08
1673192233.386364 1632.067600 -2.535784e-06 1.805656e-06 5.833334e-08
1673192236.637626 1631.762900 -2.780439e-06 1.729199e-06 5.833334e-08
1673192240.005492 1631.458400 -3.020636e-06 1.635937e-06 5.833334e-08
1673192243.255577 1631.153700 -3.265570e-06 1.515184e-06 5.833334e-08
1673192246.579547 1630.849100 -3.509117e-06 1.324227e-06 5.833334e-08
1673192249.835428 1630.544600 -3.745765e-06 1.074472e-06 5.833334e-08
1673192253.099425 1630.239900 -3.967557e-06 7.553273e-07 5.833334e-08
1673192256.356391 1629.935300 -4.157703e-06 3.651072e-07 5.833334e-08
1673192259.680452 1629.630600 -4.274637e-06 -1.689565e-07 5.833334e-08
1673192262.931506 1629.326000 -4.270885e-06 -9.046544e-07 5.833334e-08
1673192266.183401 1629.021400 -3.582170e-07 -1.229357e-06 5.833334e-08
1673192269.527436 1628.716800 8.762230e-08 -1.037312e-06 5.833334e-08
1673192272.787505 1628.412100 1.163119e-07 -9.525298e-07 5.833334e-08
1673192276.109413 1628.107500 1.207813e-07 -8.862123e-07 5.833334e-08
1673192279.362839 1627.803000 1.234387e-07 -8.284338e-07 5.833334e-08
1673192282.629549 1627.498300 1.259847e-07 -7.772557e-07 5.833334e-08
1673192285.880717 1627.193700 1.245056e-07 -7.343789e-07 5.833334e-08
1673192289.202801 1626.889000 1.233798e-07 -6.968776e-07 5.833334e-08
1673192292.457628 1626.584500 1.215945e-07 -6.627776e-07 5.833334e-08
1673192295.709754 1626.279800 1.196301e-07 -6.334155e-07 5.833334e-08
1673192298.990770 1625.975200 1.176053e-07 -6.063311e-07 5.833334e-08
1673192302.248734 1625.670500 1.162559e-07 -5.808462e-07 5.833334e-08
1673192305.502682 1625.366000 1.142762e-07 -5.567634e-07 5.833334e-08
1673192308.754664 1625.061300 1.127582e-07 -5.357581e-07 5.833334e-08
1673192312.014593 1624.756700 1.105720e-07 -5.170102e-07 5.833334e-08
1673192315.274636 1624.452100 1.088500e-07 -4.986188e-07 5.833334e-08
1673192318.534547 1624.147500 1.067392e-07 -4.820789e-07 5.833334e-08
1673192321.786668 1623.842900 1.046345e-07 -4.661904e-07 5.833334e-08
1673192325.037647 1623.538200 1.032744e-07 -4.514530e-07 5.833334e-08
1673192328.291022 1623.233600 1.011262e-07 -4.379481e-07 5.833334e-08

