# t1=1673187108; t2=1673192655
# wire 'w1a' (D = 4.2um, L~=1.4mm), vacuum ~20mK, B = 132mT

1673187108.353506 1630.603000 4.625342e-08 -2.394670e-07 1.060606e-08
1673187110.611757 1630.737100 4.686733e-08 -2.497006e-07 1.060606e-08
1673187112.869636 1630.871000 4.537835e-08 -2.598437e-07 1.060606e-08
1673187115.126693 1631.005000 4.379437e-08 -2.719269e-07 1.060606e-08
1673187117.385571 1631.139000 4.335226e-08 -2.840521e-07 1.060606e-08
1673187119.643774 1631.272900 4.189953e-08 -2.977991e-07 1.060606e-08
1673187121.941648 1631.407000 4.019786e-08 -3.136745e-07 1.060606e-08
1673187124.266780 1631.541000 3.665734e-08 -3.305951e-07 1.060606e-08
1673187126.582762 1631.675000 3.396004e-08 -3.499312e-07 1.060606e-08
1673187128.913757 1631.809000 2.988551e-08 -3.719505e-07 1.060606e-08
1673187131.238576 1631.943000 2.075901e-08 -3.983719e-07 1.060606e-08
1673187133.563546 1632.077000 1.027937e-08 -4.284105e-07 1.060606e-08
1673187135.888698 1632.211100 -2.565572e-09 -4.641788e-07 1.060606e-08
1673187138.213614 1632.345000 -2.126349e-08 -5.061244e-07 1.060606e-08
1673187140.537701 1632.479000 -5.343068e-08 -5.614890e-07 1.060606e-08
1673187142.860789 1632.613000 -1.077639e-07 -6.270682e-07 1.060606e-08
1673187145.188585 1632.746900 -2.173763e-07 -7.082120e-07 1.060606e-08
1673187147.511616 1632.881000 -4.151258e-07 -7.833021e-07 1.060606e-08
1673187149.833731 1633.015000 -7.236892e-07 -7.347149e-07 1.060606e-08
1673187152.161762 1633.149000 -9.911791e-07 -5.312199e-07 1.060606e-08
1673187154.488879 1633.283000 -1.117225e-06 -3.005164e-07 1.060606e-08
1673187156.814763 1633.417000 -1.140757e-06 -1.016432e-07 1.060606e-08
1673187159.139889 1633.551000 -1.112640e-06 6.117505e-08 1.060606e-08
1673187161.461747 1633.685100 -1.054653e-06 1.854541e-07 1.060606e-08
1673187163.788802 1633.819000 -9.877528e-07 2.894819e-07 1.060606e-08
1673187166.116772 1633.953000 -9.081730e-07 3.616940e-07 1.060606e-08
1673187168.443614 1634.087000 -8.292057e-07 4.220628e-07 1.060606e-08
1673187170.769758 1634.220900 -7.486187e-07 4.592865e-07 1.060606e-08
1673187173.094618 1634.355000 -6.719545e-07 4.755047e-07 1.060606e-08
1673187175.422750 1634.489000 -6.017591e-07 4.815312e-07 1.060606e-08
1673187177.747269 1634.623000 -5.377087e-07 4.816471e-07 1.060606e-08
1673187180.071773 1634.757000 -4.811869e-07 4.766361e-07 1.060606e-08
1673187182.398875 1634.891000 -4.314580e-07 4.739692e-07 1.060606e-08
1673187184.726658 1635.025000 -3.840473e-07 4.657870e-07 1.060606e-08
1673187187.050698 1635.159100 -3.417352e-07 4.499374e-07 1.060606e-08
1673187189.376651 1635.293000 -3.077643e-07 4.314780e-07 1.060606e-08
1673187191.701651 1635.427000 -2.770961e-07 4.122897e-07 1.060606e-08
1673187194.023783 1635.561000 -2.509298e-07 3.943162e-07 1.060606e-08
1673187196.348465 1635.694900 -2.276284e-07 3.764085e-07 1.060606e-08
1673187198.671855 1635.829000 -2.072815e-07 3.593851e-07 1.060606e-08
1673187200.999726 1635.963000 -1.891810e-07 3.450095e-07 1.060606e-08
1673187203.323703 1636.097000 -1.727524e-07 3.309593e-07 1.060606e-08
1673187205.647778 1636.231000 -1.584745e-07 3.167249e-07 1.060606e-08
1673187207.969824 1636.365000 -1.455450e-07 3.046103e-07 1.060606e-08
1673187210.287909 1636.499000 -1.344230e-07 2.911154e-07 1.060606e-08
1673187212.608698 1636.633100 -1.246151e-07 2.778994e-07 1.060606e-08
1673187214.930765 1636.767000 -1.143875e-07 2.673443e-07 1.060606e-08
1673187217.253815 1636.901000 -1.070694e-07 2.567189e-07 1.060606e-08
1673187219.581758 1637.035000 -1.000008e-07 2.462028e-07 1.060606e-08
1673187221.904912 1637.168900 -9.287610e-08 2.364657e-07 1.060606e-08
1673187224.231793 1637.303000 -8.786055e-08 2.283893e-07 1.060606e-08

1673187254.588846 1637.377000 -8.276955e-08 2.228048e-07 1.060606e-08
1673187257.836079 1637.214200 -8.991808e-08 2.316566e-07 1.060606e-08
1673187261.329458 1637.051500 -9.677859e-08 2.428378e-07 1.060606e-08
1673187264.588859 1636.888800 -1.054633e-07 2.543941e-07 1.060606e-08
1673187267.921031 1636.726100 -1.156833e-07 2.673853e-07 1.060606e-08
1673187271.179209 1636.563400 -1.261928e-07 2.813282e-07 1.060606e-08
1673187274.430833 1636.400500 -1.393920e-07 2.967161e-07 1.060606e-08
1673187277.688254 1636.237800 -1.533197e-07 3.126082e-07 1.060606e-08
1673187280.948492 1636.075100 -1.711595e-07 3.291791e-07 1.060606e-08
1673187284.253402 1635.912400 -1.915225e-07 3.470443e-07 1.060606e-08
1673187287.510458 1635.749600 -2.146584e-07 3.660119e-07 1.060606e-08
1673187290.827458 1635.586900 -2.408049e-07 3.878565e-07 1.060606e-08
1673187294.087326 1635.424100 -2.718998e-07 4.098353e-07 1.060606e-08
1673187297.454403 1635.261400 -3.087280e-07 4.320874e-07 1.060606e-08
1673187300.712315 1635.098600 -3.510973e-07 4.558732e-07 1.060606e-08
1673187303.962989 1634.935900 -4.046908e-07 4.711392e-07 1.060606e-08
1673187307.219951 1634.773200 -4.631800e-07 4.735723e-07 1.060606e-08
1673187310.479404 1634.610500 -5.292202e-07 4.797282e-07 1.060606e-08
1673187313.801429 1634.447600 -6.052365e-07 4.817766e-07 1.060606e-08
1673187317.058516 1634.284900 -6.908498e-07 4.718749e-07 1.060606e-08
1673187320.316333 1634.122200 -7.858626e-07 4.413686e-07 1.060606e-08
1673187323.573239 1633.959500 -8.841958e-07 3.809046e-07 1.060606e-08
1673187326.969399 1633.796800 -9.821038e-07 2.984740e-07 1.060606e-08
1673187330.228964 1633.634000 -1.065900e-06 1.759584e-07 1.060606e-08
1673187333.474070 1633.471200 -1.133524e-06 1.291665e-08 1.060606e-08
1673187336.753147 1633.308500 -1.150486e-06 -2.017776e-07 1.060606e-08
1673187340.004034 1633.145800 -1.060686e-06 -4.712319e-07 1.060606e-08
1673187343.327125 1632.983000 -7.852342e-07 -7.300278e-07 1.060606e-08
1673187346.586055 1632.820300 -3.921452e-07 -7.791616e-07 1.060606e-08
1673187349.841264 1632.657600 -1.762409e-07 -6.762627e-07 1.060606e-08
1673187353.101695 1632.494800 -7.456778e-08 -5.906950e-07 1.060606e-08
1673187356.360605 1632.332000 -2.884822e-08 -5.190115e-07 1.060606e-08
1673187359.619583 1632.169300 -4.813214e-09 -4.653369e-07 1.060606e-08
1673187362.983101 1632.006600 1.115888e-08 -4.218865e-07 1.060606e-08
1673187366.241503 1631.843900 2.477015e-08 -3.871107e-07 1.060606e-08
1673187369.499471 1631.681200 3.187229e-08 -3.580076e-07 1.060606e-08
1673187372.757675 1631.518300 3.597549e-08 -3.340978e-07 1.060606e-08
1673187376.015379 1631.355600 3.970311e-08 -3.126849e-07 1.060606e-08
1673187379.274147 1631.192900 4.185128e-08 -2.953264e-07 1.060606e-08
1673187382.533131 1631.030200 4.338856e-08 -2.790183e-07 1.060606e-08
1673187385.792394 1630.867400 4.525768e-08 -2.646259e-07 1.060606e-08
1673187389.051583 1630.704700 4.621869e-08 -2.508157e-07 1.060606e-08
1673187392.310609 1630.541900 4.737578e-08 -2.398112e-07 1.060606e-08
1673187395.570382 1630.379200 4.748754e-08 -2.294236e-07 1.060606e-08
1673187398.840568 1630.216400 4.740164e-08 -2.195504e-07 1.060606e-08
1673187402.099681 1630.053700 4.777883e-08 -2.104121e-07 1.060606e-08
1673187405.360420 1629.891000 4.746667e-08 -2.027852e-07 1.060606e-08
1673187408.618271 1629.728300 4.745320e-08 -1.960092e-07 1.060606e-08
1673187411.876479 1629.565400 4.689818e-08 -1.885554e-07 1.060606e-08
1673187415.135525 1629.402700 4.731460e-08 -1.823858e-07 1.060606e-08

1673187547.662521 1629.137900 5.083854e-08 -2.142023e-07 1.325758e-08
1673187551.029557 1629.304100 5.155768e-08 -2.215533e-07 1.325758e-08
1673187554.286603 1629.470200 5.183545e-08 -2.291544e-07 1.325758e-08
1673187557.545541 1629.636400 5.186519e-08 -2.372221e-07 1.325758e-08
1673187560.802717 1629.802400 5.230139e-08 -2.470012e-07 1.325758e-08
1673187564.111682 1629.968500 5.175511e-08 -2.570253e-07 1.325758e-08
1673187567.371785 1630.134600 5.116480e-08 -2.682621e-07 1.325758e-08
1673187570.629772 1630.300700 5.132766e-08 -2.806860e-07 1.325758e-08
1673187573.945789 1630.466800 5.024181e-08 -2.939865e-07 1.325758e-08
1673187577.256785 1630.632900 4.975729e-08 -3.083848e-07 1.325758e-08
1673187580.512635 1630.799000 4.840701e-08 -3.246145e-07 1.325758e-08
1673187583.771098 1630.965100 4.754099e-08 -3.420606e-07 1.325758e-08
1673187587.029797 1631.131200 4.549083e-08 -3.623887e-07 1.325758e-08
1673187590.283678 1631.297200 4.048552e-08 -3.871555e-07 1.325758e-08
1673187593.629801 1631.463400 3.427187e-08 -4.138887e-07 1.325758e-08
1673187596.882916 1631.629500 2.804770e-08 -4.464529e-07 1.325758e-08
1673187600.142925 1631.795700 1.684698e-08 -4.841457e-07 1.325758e-08
1673187603.456703 1631.961700 1.437512e-09 -5.324660e-07 1.325758e-08
1673187606.715781 1632.127800 -2.294904e-08 -5.928822e-07 1.325758e-08
1673187609.975677 1632.293900 -7.544622e-08 -6.679722e-07 1.325758e-08
1673187613.224735 1632.460000 -1.688602e-07 -7.718784e-07 1.325758e-08
1673187616.495079 1632.626100 -3.896384e-07 -9.008146e-07 1.325758e-08
1673187619.744897 1632.792200 -9.240533e-07 -8.488411e-07 1.325758e-08
1673187623.067745 1632.958300 -1.265201e-06 -5.349508e-07 1.325758e-08
1673187626.394712 1633.124400 -1.364233e-06 -2.261176e-07 1.325758e-08
1673187629.651847 1633.290500 -1.352348e-06 2.278953e-08 1.325758e-08
1673187632.973123 1633.456500 -1.284253e-06 2.073289e-07 1.325758e-08
1673187636.230808 1633.622700 -1.186487e-06 3.466255e-07 1.325758e-08
1673187639.489906 1633.788800 -1.073596e-06 4.365910e-07 1.325758e-08
1673187642.746403 1633.955000 -9.641528e-07 5.071165e-07 1.325758e-08
1673187646.003944 1634.121000 -8.565567e-07 5.486250e-07 1.325758e-08
1673187649.260932 1634.287100 -7.590232e-07 5.688718e-07 1.325758e-08
1673187652.575910 1634.453200 -6.699377e-07 5.842695e-07 1.325758e-08
1673187655.926000 1634.619300 -5.917246e-07 5.778919e-07 1.325758e-08
1673187659.183828 1634.785400 -5.201930e-07 5.722128e-07 1.325758e-08
1673187662.505854 1634.951500 -4.572814e-07 5.570582e-07 1.325758e-08
1673187665.763897 1635.117600 -4.036439e-07 5.341997e-07 1.325758e-08
1673187669.020878 1635.283700 -3.557929e-07 5.147021e-07 1.325758e-08
1673187672.279808 1635.449800 -3.156457e-07 4.895249e-07 1.325758e-08
1673187675.529796 1635.615800 -2.815007e-07 4.619494e-07 1.325758e-08
1673187678.780026 1635.782000 -2.519781e-07 4.400430e-07 1.325758e-08
1673187682.164878 1635.948100 -2.261423e-07 4.193530e-07 1.325758e-08
1673187685.432970 1636.114300 -2.039009e-07 3.978566e-07 1.325758e-08
1673187688.693042 1636.280300 -1.849303e-07 3.775492e-07 1.325758e-08
1673187691.952256 1636.446400 -1.672733e-07 3.596076e-07 1.325758e-08
1673187695.211143 1636.612500 -1.537754e-07 3.416246e-07 1.325758e-08
1673187698.470347 1636.778600 -1.408146e-07 3.256601e-07 1.325758e-08
1673187701.729284 1636.944700 -1.287947e-07 3.106012e-07 1.325758e-08
1673187704.988976 1637.110800 -1.185733e-07 2.964108e-07 1.325758e-08
1673187708.248972 1637.276900 -1.100672e-07 2.840695e-07 1.325758e-08
1673187711.506941 1637.443000 -1.016199e-07 2.720121e-07 1.325758e-08

1673187741.804079 1637.454000 -1.007463e-07 2.705883e-07 1.325758e-08
1673187745.062044 1637.280400 -1.076037e-07 2.820241e-07 1.325758e-08
1673187748.320110 1637.106800 -1.171960e-07 2.943998e-07 1.325758e-08
1673187751.579573 1636.933200 -1.279727e-07 3.096855e-07 1.325758e-08
1673187754.838667 1636.759600 -1.404223e-07 3.250132e-07 1.325758e-08
1673187758.097690 1636.586100 -1.542552e-07 3.415491e-07 1.325758e-08
1673187761.352087 1636.412500 -1.689148e-07 3.611899e-07 1.325758e-08
1673187764.612066 1636.238900 -1.866483e-07 3.807578e-07 1.325758e-08
1673187767.872162 1636.065300 -2.070867e-07 4.019975e-07 1.325758e-08
1673187771.132159 1635.891700 -2.315563e-07 4.248393e-07 1.325758e-08
1673187774.391165 1635.718100 -2.594557e-07 4.447590e-07 1.325758e-08
1673187777.647598 1635.544700 -2.911675e-07 4.692823e-07 1.325758e-08
1673187781.009654 1635.371100 -3.285464e-07 4.970566e-07 1.325758e-08
1673187784.267500 1635.197500 -3.734166e-07 5.211962e-07 1.325758e-08
1673187787.527503 1635.023900 -4.261536e-07 5.455631e-07 1.325758e-08
1673187790.830349 1634.850300 -4.864721e-07 5.661894e-07 1.325758e-08
1673187794.090710 1634.676800 -5.570268e-07 5.823057e-07 1.325758e-08
1673187797.345317 1634.503200 -6.340858e-07 5.897868e-07 1.325758e-08
1673187800.605533 1634.329600 -7.253934e-07 5.791926e-07 1.325758e-08
1673187803.864409 1634.156000 -8.228611e-07 5.600846e-07 1.325758e-08
1673187807.114571 1633.982400 -9.303863e-07 5.214639e-07 1.325758e-08
1673187810.446601 1633.808800 -1.045823e-06 4.580809e-07 1.325758e-08
1673187813.699375 1633.635300 -1.161806e-06 3.738736e-07 1.325758e-08
1673187816.958542 1633.461700 -1.258059e-06 2.283242e-07 1.325758e-08
1673187820.293407 1633.288100 -1.331818e-06 4.548789e-08 1.325758e-08
1673187823.610262 1633.114500 -1.360356e-06 -1.939880e-07 1.325758e-08
1673187826.870375 1632.940900 -1.288267e-06 -5.032788e-07 1.325758e-08
1673187830.126607 1632.767300 -9.739919e-07 -8.468064e-07 1.325758e-08
1673187833.385609 1632.593800 -4.409937e-07 -8.981825e-07 1.325758e-08
1673187836.639419 1632.420200 -1.621413e-07 -7.630002e-07 1.325758e-08
1673187839.965364 1632.246600 -6.921931e-08 -6.584259e-07 1.325758e-08
1673187843.224631 1632.073000 -2.645776e-08 -5.812707e-07 1.325758e-08
1673187846.478417 1631.899400 5.492383e-09 -5.180048e-07 1.325758e-08
1673187849.801758 1631.725800 2.092447e-08 -4.725469e-07 1.325758e-08
1673187853.053732 1631.552200 3.158972e-08 -4.348810e-07 1.325758e-08
1673187856.312716 1631.378700 3.776414e-08 -4.034424e-07 1.325758e-08
1673187859.565290 1631.205100 4.286903e-08 -3.753076e-07 1.325758e-08
1673187862.882751 1631.031500 4.612296e-08 -3.528338e-07 1.325758e-08
1673187866.200354 1630.857900 4.934829e-08 -3.312236e-07 1.325758e-08
1673187869.533449 1630.684300 5.068657e-08 -3.139299e-07 1.325758e-08
1673187872.846469 1630.510700 5.147076e-08 -2.980743e-07 1.325758e-08
1673187876.104536 1630.337300 5.241387e-08 -2.845657e-07 1.325758e-08
1673187879.426447 1630.163700 5.246968e-08 -2.718084e-07 1.325758e-08
1673187882.684740 1629.990100 5.236756e-08 -2.600845e-07 1.325758e-08
1673187885.938671 1629.816500 5.213383e-08 -2.499066e-07 1.325758e-08
1673187889.190706 1629.642900 5.272517e-08 -2.396912e-07 1.325758e-08
1673187892.511688 1629.469400 5.203134e-08 -2.308197e-07 1.325758e-08
1673187895.769532 1629.295800 5.125753e-08 -2.230091e-07 1.325758e-08
1673187899.029531 1629.122200 5.192479e-08 -2.155057e-07 1.325758e-08
1673187902.340639 1628.948600 5.067114e-08 -2.071277e-07 1.325758e-08

1673188073.952316 1628.689900 5.579847e-08 -2.367612e-07 1.590909e-08
1673188077.208348 1628.865700 5.561913e-08 -2.440428e-07 1.590909e-08
1673188080.584933 1629.041500 5.602138e-08 -2.517663e-07 1.590909e-08
1673188083.832385 1629.217300 5.641503e-08 -2.614219e-07 1.590909e-08
1673188087.091963 1629.393100 5.737305e-08 -2.710086e-07 1.590909e-08
1673188090.347913 1629.568800 5.696087e-08 -2.821756e-07 1.590909e-08
1673188093.605988 1629.744600 5.748410e-08 -2.935618e-07 1.590909e-08
1673188097.009354 1629.920400 5.695298e-08 -3.063009e-07 1.590909e-08
1673188100.266484 1630.096200 5.660610e-08 -3.201880e-07 1.590909e-08
1673188103.521899 1630.272000 5.586339e-08 -3.361252e-07 1.590909e-08
1673188106.780417 1630.447800 5.518143e-08 -3.526778e-07 1.590909e-08
1673188110.032139 1630.623500 5.289289e-08 -3.719293e-07 1.590909e-08
1673188113.380993 1630.799300 5.134386e-08 -3.930288e-07 1.590909e-08
1673188116.635949 1630.975100 4.876240e-08 -4.188195e-07 1.590909e-08
1673188120.081093 1631.150900 4.363486e-08 -4.466000e-07 1.590909e-08
1673188123.340065 1631.326700 3.782546e-08 -4.796117e-07 1.590909e-08
1673188126.604231 1631.502400 2.912432e-08 -5.192709e-07 1.590909e-08
1673188129.862684 1631.678200 8.373232e-09 -5.718465e-07 1.590909e-08
1673188133.114026 1631.854000 -1.195546e-08 -6.331181e-07 1.590909e-08
1673188136.372457 1632.029800 -5.588142e-08 -7.114020e-07 1.590909e-08
1673188139.627271 1632.205600 -1.259156e-07 -8.177276e-07 1.590909e-08
1673188142.909136 1632.381300 -3.306401e-07 -9.785120e-07 1.590909e-08
1673188146.159134 1632.557100 -9.415083e-07 -1.022316e-06 1.590909e-08
1673188149.481108 1632.732900 -1.434648e-06 -6.357546e-07 1.590909e-08
1673188152.739154 1632.908700 -1.568489e-06 -2.695234e-07 1.590909e-08
1673188155.993120 1633.084500 -1.559677e-06 2.422832e-08 1.590909e-08
1673188159.316146 1633.260300 -1.483064e-06 2.424374e-07 1.590909e-08
1673188162.568746 1633.436000 -1.372835e-06 4.027051e-07 1.590909e-08
1673188165.889535 1633.611800 -1.256953e-06 5.158298e-07 1.590909e-08
1673188169.143749 1633.787600 -1.133565e-06 5.935116e-07 1.590909e-08
1673188172.401170 1633.963400 -1.010252e-06 6.439565e-07 1.590909e-08
1673188175.735505 1634.139200 -8.971186e-07 6.614042e-07 1.590909e-08
1673188178.989131 1634.314900 -7.944273e-07 6.762857e-07 1.590909e-08
1673188182.310139 1634.490700 -6.990147e-07 6.721554e-07 1.590909e-08
1673188185.564600 1634.666500 -6.152288e-07 6.602353e-07 1.590909e-08
1673188188.824321 1634.842300 -5.440465e-07 6.449845e-07 1.590909e-08
1673188192.077241 1635.018100 -4.806490e-07 6.275724e-07 1.590909e-08
1673188195.432755 1635.193800 -4.262062e-07 6.048759e-07 1.590909e-08
1673188198.690425 1635.369600 -3.785632e-07 5.742731e-07 1.590909e-08
1673188201.948188 1635.545400 -3.356302e-07 5.495823e-07 1.590909e-08
1673188205.395206 1635.721200 -3.001140e-07 5.201538e-07 1.590909e-08
1673188208.646302 1635.897000 -2.705534e-07 4.913412e-07 1.590909e-08
1673188211.969214 1636.072800 -2.447420e-07 4.700433e-07 1.590909e-08
1673188215.224477 1636.248500 -2.225988e-07 4.461517e-07 1.590909e-08
1673188218.482736 1636.424300 -2.014573e-07 4.263389e-07 1.590909e-08
1673188221.738297 1636.600100 -1.833630e-07 4.066318e-07 1.590909e-08
1673188225.083731 1636.775900 -1.668089e-07 3.887126e-07 1.590909e-08
1673188228.333714 1636.951700 -1.532538e-07 3.693619e-07 1.590909e-08
1673188231.645457 1637.127400 -1.408478e-07 3.522661e-07 1.590909e-08
1673188234.920375 1637.303200 -1.295341e-07 3.379700e-07 1.590909e-08

1673188268.468431 1637.441000 -1.214547e-07 3.258387e-07 1.590909e-08
1673188271.727540 1637.260300 -1.313866e-07 3.399643e-07 1.590909e-08
1673188274.987535 1637.079500 -1.422266e-07 3.557131e-07 1.590909e-08
1673188278.305428 1636.898700 -1.552582e-07 3.730589e-07 1.590909e-08
1673188281.564680 1636.718000 -1.706749e-07 3.924749e-07 1.590909e-08
1673188284.819786 1636.537200 -1.877483e-07 4.114698e-07 1.590909e-08
1673188288.078976 1636.356400 -2.071744e-07 4.315342e-07 1.590909e-08
1673188291.336674 1636.175700 -2.287775e-07 4.528630e-07 1.590909e-08
1673188294.596806 1635.994900 -2.540008e-07 4.759821e-07 1.590909e-08
1673188297.852571 1635.814200 -2.811733e-07 5.023898e-07 1.590909e-08
1673188301.111772 1635.633400 -3.132652e-07 5.320689e-07 1.590909e-08
1673188304.371742 1635.452600 -3.520001e-07 5.595943e-07 1.590909e-08
1673188307.626903 1635.271900 -3.979909e-07 5.905008e-07 1.590909e-08
1673188310.885790 1635.091100 -4.503979e-07 6.180312e-07 1.590909e-08
1673188314.144750 1634.910400 -5.123249e-07 6.368656e-07 1.590909e-08
1673188317.404058 1634.729600 -5.812346e-07 6.579322e-07 1.590909e-08
1673188320.662736 1634.548800 -6.610471e-07 6.692703e-07 1.590909e-08
1673188323.922878 1634.368000 -7.553613e-07 6.795100e-07 1.590909e-08
1673188327.246777 1634.187400 -8.617881e-07 6.720590e-07 1.590909e-08
1673188330.504639 1634.006600 -9.740257e-07 6.596680e-07 1.590909e-08
1673188333.763887 1633.825800 -1.093861e-06 6.084183e-07 1.590909e-08
1673188337.022834 1633.645000 -1.219897e-06 5.382227e-07 1.590909e-08
1673188340.280799 1633.464200 -1.339023e-06 4.334994e-07 1.590909e-08
1673188343.539646 1633.283600 -1.456545e-06 2.836253e-07 1.590909e-08
1673188346.798839 1633.102800 -1.546335e-06 7.483374e-08 1.590909e-08
1673188350.056789 1632.922000 -1.579843e-06 -2.031404e-07 1.590909e-08
1673188353.315821 1632.741200 -1.498506e-06 -5.593434e-07 1.590909e-08
1673188356.573850 1632.560400 -1.129226e-06 -9.712230e-07 1.590909e-08
1673188359.831306 1632.379800 -4.202117e-07 -1.003461e-06 1.590909e-08
1673188363.090006 1632.199000 -1.510681e-07 -8.374328e-07 1.590909e-08
1673188366.349272 1632.018200 -5.670849e-08 -7.199613e-07 1.590909e-08
1673188369.641745 1631.837400 -1.519725e-08 -6.398653e-07 1.590909e-08
1673188372.900767 1631.656700 3.974444e-09 -5.763412e-07 1.590909e-08
1673188376.158778 1631.476000 2.271772e-08 -5.228951e-07 1.590909e-08
1673188379.417788 1631.295200 3.643165e-08 -4.793945e-07 1.590909e-08
1673188382.692934 1631.114400 4.435745e-08 -4.454338e-07 1.590909e-08
1673188385.950528 1630.933600 4.846526e-08 -4.167179e-07 1.590909e-08
1673188389.209737 1630.752900 5.329872e-08 -3.903224e-07 1.590909e-08
1673188392.530771 1630.572100 5.415583e-08 -3.686666e-07 1.590909e-08
1673188395.782941 1630.391400 5.512428e-08 -3.496550e-07 1.590909e-08
1673188399.036769 1630.210600 5.644908e-08 -3.328503e-07 1.590909e-08
1673188402.293799 1630.029800 5.624222e-08 -3.172720e-07 1.590909e-08
1673188405.617847 1629.849100 5.758524e-08 -3.033323e-07 1.590909e-08
1673188408.872266 1629.668300 5.727461e-08 -2.904059e-07 1.590909e-08
1673188412.191294 1629.487500 5.633785e-08 -2.784315e-07 1.590909e-08
1673188415.543060 1629.306800 5.630207e-08 -2.681154e-07 1.590909e-08
1673188418.801857 1629.126100 5.668540e-08 -2.584988e-07 1.590909e-08
1673188422.123811 1628.945300 5.576383e-08 -2.484444e-07 1.590909e-08
1673188425.382871 1628.764500 5.537778e-08 -2.400047e-07 1.590909e-08
1673188428.636881 1628.583700 5.502767e-08 -2.322888e-07 1.590909e-08

1673188561.166308 1628.335000 6.406241e-08 -2.955792e-07 2.121212e-08
1673188564.425250 1628.517300 6.490547e-08 -3.044401e-07 2.121212e-08
1673188567.725611 1628.699600 6.450539e-08 -3.156014e-07 2.121212e-08
1673188570.983477 1628.882000 6.531808e-08 -3.278820e-07 2.121212e-08
1673188574.297557 1629.064200 6.525612e-08 -3.402333e-07 2.121212e-08
1673188577.547534 1629.246500 6.544167e-08 -3.530919e-07 2.121212e-08
1673188580.805332 1629.428800 6.627410e-08 -3.670271e-07 2.121212e-08
1673188584.061288 1629.611100 6.607750e-08 -3.832719e-07 2.121212e-08
1673188587.443722 1629.793500 6.446160e-08 -4.008520e-07 2.121212e-08
1673188590.697743 1629.975700 6.432725e-08 -4.198721e-07 2.121212e-08
1673188593.956461 1630.158000 6.344327e-08 -4.416504e-07 2.121212e-08
1673188597.213340 1630.340300 6.105799e-08 -4.656523e-07 2.121212e-08
1673188600.470590 1630.522600 5.776768e-08 -4.940613e-07 2.121212e-08
1673188603.828642 1630.705000 5.176228e-08 -5.278520e-07 2.121212e-08
1673188607.081466 1630.887200 4.383178e-08 -5.663460e-07 2.121212e-08
1673188610.333426 1631.069500 3.648063e-08 -6.094815e-07 2.121212e-08
1673188613.588758 1631.251800 2.506865e-08 -6.609283e-07 2.121212e-08
1673188616.847605 1631.434100 7.658820e-09 -7.227060e-07 2.121212e-08
1673188620.102419 1631.616500 -2.516485e-08 -8.052417e-07 2.121212e-08
1673188623.361479 1631.798700 -9.990834e-08 -9.226069e-07 2.121212e-08
1673188626.621406 1631.981000 -2.346840e-07 -1.082566e-06 2.121212e-08
1673188629.879623 1632.163300 -8.671109e-07 -1.312108e-06 2.121212e-08
1673188633.137737 1632.345600 -1.766815e-06 -7.826761e-07 2.121212e-08
1673188636.396780 1632.528000 -1.954377e-06 -3.178412e-07 2.121212e-08
1673188639.655471 1632.710200 -1.943327e-06 2.580850e-08 2.121212e-08
1673188642.913912 1632.892500 -1.862269e-06 2.796014e-07 2.121212e-08
1673188646.171488 1633.074800 -1.740799e-06 4.701482e-07 2.121212e-08
1673188649.428602 1633.257100 -1.605612e-06 6.050059e-07 2.121212e-08
1673188652.687859 1633.439500 -1.464412e-06 7.056779e-07 2.121212e-08
1673188655.946558 1633.621700 -1.330955e-06 7.894185e-07 2.121212e-08
1673188659.199822 1633.804000 -1.197535e-06 8.422576e-07 2.121212e-08
1673188662.459651 1633.986300 -1.072734e-06 8.525835e-07 2.121212e-08
1673188665.719778 1634.168600 -9.592916e-07 8.643876e-07 2.121212e-08
1673188668.978799 1634.351000 -8.541100e-07 8.637753e-07 2.121212e-08
1673188672.236651 1634.533200 -7.576953e-07 8.404308e-07 2.121212e-08
1673188675.494654 1634.715500 -6.736208e-07 8.161906e-07 2.121212e-08
1673188678.753663 1634.897800 -5.997761e-07 7.819485e-07 2.121212e-08
1673188682.011843 1635.080100 -5.343541e-07 7.561695e-07 2.121212e-08
1673188685.269670 1635.262500 -4.772575e-07 7.292060e-07 2.121212e-08
1673188688.528762 1635.444700 -4.295407e-07 6.981932e-07 2.121212e-08
1673188691.787790 1635.627000 -3.858641e-07 6.664718e-07 2.121212e-08
1673188695.045648 1635.809300 -3.487399e-07 6.363144e-07 2.121212e-08
1673188698.303810 1635.991600 -3.142346e-07 6.072301e-07 2.121212e-08
1673188701.561070 1636.174000 -2.850198e-07 5.794011e-07 2.121212e-08
1673188704.813830 1636.356200 -2.597526e-07 5.493045e-07 2.121212e-08
1673188708.071681 1636.538500 -2.376611e-07 5.240671e-07 2.121212e-08
1673188711.330820 1636.720800 -2.199712e-07 4.997762e-07 2.121212e-08
1673188714.590827 1636.903100 -2.034242e-07 4.764055e-07 2.121212e-08
1673188717.973747 1637.085400 -1.878674e-07 4.563199e-07 2.121212e-08
1673188721.232810 1637.267700 -1.741509e-07 4.369930e-07 2.121212e-08

1673188754.785916 1637.381000 -1.653503e-07 4.245120e-07 2.121212e-08
1673188758.044008 1637.188700 -1.785753e-07 4.430735e-07 2.121212e-08
1673188761.417863 1636.996500 -1.927321e-07 4.644808e-07 2.121212e-08
1673188764.676137 1636.804100 -2.110379e-07 4.868457e-07 2.121212e-08
1673188767.943909 1636.611800 -2.284484e-07 5.109422e-07 2.121212e-08
1673188771.199462 1636.419600 -2.500423e-07 5.371767e-07 2.121212e-08
1673188774.514988 1636.227200 -2.747548e-07 5.658105e-07 2.121212e-08
1673188777.769419 1636.034900 -3.034654e-07 5.968284e-07 2.121212e-08
1673188781.027927 1635.842700 -3.363221e-07 6.292027e-07 2.121212e-08
1673188784.282265 1635.650300 -3.765036e-07 6.599169e-07 2.121212e-08
1673188787.535271 1635.458000 -4.201609e-07 6.945640e-07 2.121212e-08
1673188790.852005 1635.265700 -4.699940e-07 7.278444e-07 2.121212e-08
1673188794.110292 1635.073400 -5.308311e-07 7.569540e-07 2.121212e-08
1673188797.394924 1634.881100 -5.978072e-07 7.859573e-07 2.121212e-08
1673188800.649921 1634.688800 -6.766325e-07 8.189644e-07 2.121212e-08
1673188803.967965 1634.496500 -7.654396e-07 8.474261e-07 2.121212e-08
1673188807.225495 1634.304200 -8.689407e-07 8.673031e-07 2.121212e-08
1673188810.483017 1634.111900 -9.784095e-07 8.601863e-07 2.121212e-08
1673188813.748442 1633.919600 -1.100482e-06 8.473547e-07 2.121212e-08
1673188817.006965 1633.727300 -1.236924e-06 8.319165e-07 2.121212e-08
1673188820.323272 1633.535000 -1.377715e-06 7.643327e-07 2.121212e-08
1673188823.582649 1633.342700 -1.508858e-06 6.791292e-07 2.121212e-08
1673188826.833227 1633.150400 -1.654341e-06 5.524502e-07 2.121212e-08
1673188830.152695 1632.958100 -1.790257e-06 3.877505e-07 2.121212e-08
1673188833.410052 1632.765700 -1.907126e-06 1.643007e-07 2.121212e-08
1673188836.699070 1632.573500 -1.974952e-06 -1.303351e-07 2.121212e-08
1673188839.958075 1632.381200 -1.925342e-06 -5.405706e-07 2.121212e-08
1673188843.275644 1632.188800 -1.570943e-06 -1.083472e-06 2.121212e-08
1673188846.534495 1631.996600 -5.044324e-07 -1.213709e-06 2.121212e-08
1673188849.790377 1631.804300 -1.470893e-07 -9.788927e-07 2.121212e-08
1673188853.101086 1631.612100 -4.677561e-08 -8.402331e-07 2.121212e-08
1673188856.361091 1631.419700 -2.443583e-09 -7.460151e-07 2.121212e-08
1673188859.683327 1631.227400 2.429029e-08 -6.730864e-07 2.121212e-08
1673188862.941614 1631.035200 3.869065e-08 -6.167298e-07 2.121212e-08
1673188866.196135 1630.842800 4.698911e-08 -5.699752e-07 2.121212e-08
1673188869.453610 1630.650500 5.214096e-08 -5.301045e-07 2.121212e-08
1673188872.826192 1630.458300 5.779813e-08 -4.965446e-07 2.121212e-08
1673188876.079262 1630.265900 6.105808e-08 -4.683735e-07 2.121212e-08
1673188879.332118 1630.073600 6.334214e-08 -4.430774e-07 2.121212e-08
1673188882.604384 1629.881300 6.443012e-08 -4.198256e-07 2.121212e-08
1673188885.863391 1629.689000 6.487982e-08 -4.003333e-07 2.121212e-08
1673188889.182325 1629.496700 6.521057e-08 -3.820789e-07 2.121212e-08
1673188892.442280 1629.304400 6.496935e-08 -3.660239e-07 2.121212e-08
1673188895.698628 1629.112100 6.418653e-08 -3.508066e-07 2.121212e-08
1673188898.957531 1628.919800 6.401921e-08 -3.369904e-07 2.121212e-08
1673188902.311333 1628.727500 6.380533e-08 -3.246629e-07 2.121212e-08
1673188905.567539 1628.535200 6.287926e-08 -3.127367e-07 2.121212e-08
1673188908.823293 1628.342900 6.303032e-08 -3.012802e-07 2.121212e-08
1673188912.080426 1628.150600 6.236848e-08 -2.919152e-07 2.121212e-08
1673188915.336492 1627.958300 6.108202e-08 -2.824404e-07 2.121212e-08

1673189047.985627 1627.569900 6.965509e-08 -3.307101e-07 2.651515e-08
1673189051.245610 1627.767700 7.059324e-08 -3.404183e-07 2.651515e-08
1673189054.503745 1627.965500 7.016879e-08 -3.519293e-07 2.651515e-08
1673189057.778856 1628.163100 7.172547e-08 -3.636156e-07 2.651515e-08
1673189061.037175 1628.360800 7.242977e-08 -3.775178e-07 2.651515e-08
1673189064.498861 1628.558500 7.360733e-08 -3.920067e-07 2.651515e-08
1673189067.754085 1628.756200 7.408386e-08 -4.073358e-07 2.651515e-08
1673189071.012647 1628.953900 7.350148e-08 -4.241181e-07 2.651515e-08
1673189074.360150 1629.151600 7.440015e-08 -4.433827e-07 2.651515e-08
1673189077.620701 1629.349200 7.401213e-08 -4.634455e-07 2.651515e-08
1673189080.871753 1629.547000 7.343582e-08 -4.849595e-07 2.651515e-08
1673189084.120800 1629.744800 7.170950e-08 -5.112112e-07 2.651515e-08
1673189087.379781 1629.942400 6.936818e-08 -5.398905e-07 2.651515e-08
1673189090.637819 1630.140100 6.761351e-08 -5.722901e-07 2.651515e-08
1673189094.005209 1630.337800 6.392782e-08 -6.090226e-07 2.651515e-08
1673189097.263806 1630.535500 5.796132e-08 -6.531653e-07 2.651515e-08
1673189100.520759 1630.733200 4.755254e-08 -7.045261e-07 2.651515e-08
1673189103.878290 1630.930900 2.977612e-08 -7.687435e-07 2.651515e-08
1673189107.135784 1631.128500 9.109372e-09 -8.432816e-07 2.651515e-08
1673189110.389776 1631.326300 -3.475508e-08 -9.487821e-07 2.651515e-08
1673189113.641940 1631.524000 -1.303338e-07 -1.109156e-06 2.651515e-08
1673189116.901886 1631.721700 -4.524035e-07 -1.400127e-06 2.651515e-08
1673189120.160959 1631.919400 -2.040049e-06 -8.859508e-07 2.651515e-08
1673189123.481964 1632.117100 -2.359300e-06 -2.674719e-07 2.651515e-08
1673189126.741921 1632.314800 -2.327974e-06 1.178460e-07 2.651515e-08
1673189130.109925 1632.512500 -2.216814e-06 3.912961e-07 2.651515e-08
1673189133.485350 1632.710200 -2.077451e-06 5.993205e-07 2.651515e-08
1673189136.736600 1632.908000 -1.917740e-06 7.391345e-07 2.651515e-08
1673189140.052604 1633.105600 -1.759533e-06 8.678837e-07 2.651515e-08
1673189143.311878 1633.303300 -1.600485e-06 9.414960e-07 2.651515e-08
1673189146.566912 1633.501000 -1.450153e-06 9.851634e-07 2.651515e-08
1673189149.824406 1633.698700 -1.304918e-06 1.020357e-06 2.651515e-08
1673189153.226889 1633.896400 -1.166132e-06 1.032141e-06 2.651515e-08
1673189156.477458 1634.094100 -1.044682e-06 1.019740e-06 2.651515e-08
1673189159.735940 1634.291700 -9.305012e-07 1.005912e-06 2.651515e-08
1673189163.061041 1634.489500 -8.304370e-07 9.807151e-07 2.651515e-08
1673189166.407957 1634.687300 -7.397319e-07 9.513677e-07 2.651515e-08
1673189169.732036 1634.884900 -6.626681e-07 9.123221e-07 2.651515e-08
1673189172.987572 1635.082600 -5.943204e-07 8.728360e-07 2.651515e-08
1673189176.247135 1635.280300 -5.334641e-07 8.381283e-07 2.651515e-08
1673189179.585383 1635.478000 -4.795528e-07 8.010465e-07 2.651515e-08
1673189182.842374 1635.675700 -4.335981e-07 7.654327e-07 2.651515e-08
1673189186.100057 1635.873400 -3.925491e-07 7.288926e-07 2.651515e-08
1673189189.358120 1636.071000 -3.576987e-07 6.939520e-07 2.651515e-08
1673189192.610509 1636.268800 -3.279935e-07 6.601047e-07 2.651515e-08
1673189195.868443 1636.466600 -2.992899e-07 6.334754e-07 2.651515e-08
1673189199.185247 1636.664200 -2.711888e-07 6.069675e-07 2.651515e-08
1673189202.445084 1636.861900 -2.484783e-07 5.820238e-07 2.651515e-08
1673189205.698152 1637.059600 -2.289952e-07 5.573432e-07 2.651515e-08
1673189209.038280 1637.257300 -2.120924e-07 5.334674e-07 2.651515e-08

1673189244.027296 1637.322000 -2.058925e-07 5.256371e-07 2.651515e-08
1673189247.288237 1637.116900 -2.217241e-07 5.474173e-07 2.651515e-08
1673189250.542499 1636.911900 -2.402314e-07 5.721789e-07 2.651515e-08
1673189253.800406 1636.706800 -2.632405e-07 5.986411e-07 2.651515e-08
1673189257.060266 1636.501700 -2.897776e-07 6.265966e-07 2.651515e-08
1673189260.424678 1636.296800 -3.175487e-07 6.541067e-07 2.651515e-08
1673189263.683273 1636.091700 -3.498303e-07 6.857572e-07 2.651515e-08
1673189266.937261 1635.886600 -3.860504e-07 7.228996e-07 2.651515e-08
1673189270.384645 1635.681500 -4.261660e-07 7.609126e-07 2.651515e-08
1673189273.636318 1635.476400 -4.735355e-07 8.005100e-07 2.651515e-08
1673189276.889702 1635.271400 -5.283720e-07 8.390090e-07 2.651515e-08
1673189280.142640 1635.066300 -5.915162e-07 8.762223e-07 2.651515e-08
1673189283.400490 1634.861300 -6.627541e-07 9.151566e-07 2.651515e-08
1673189286.659215 1634.656200 -7.446164e-07 9.557966e-07 2.651515e-08
1673189289.917379 1634.451200 -8.395531e-07 9.874016e-07 2.651515e-08
1673189293.176293 1634.246100 -9.457064e-07 1.012953e-06 2.651515e-08
1673189296.424689 1634.041000 -1.063183e-06 1.030861e-06 2.651515e-08
1673189299.684708 1633.835900 -1.195125e-06 1.034141e-06 2.651515e-08
1673189302.935360 1633.630900 -1.341231e-06 1.021643e-06 2.651515e-08
1673189306.194423 1633.425900 -1.491699e-06 9.824806e-07 2.651515e-08
1673189309.450799 1633.220800 -1.649795e-06 9.199888e-07 2.651515e-08
1673189312.772812 1633.015700 -1.815641e-06 8.253604e-07 2.651515e-08
1673189316.032561 1632.810700 -1.983583e-06 7.009946e-07 2.651515e-08
1673189319.289905 1632.605600 -2.143744e-06 5.377905e-07 2.651515e-08
1673189322.549489 1632.400500 -2.279119e-06 2.931590e-07 2.651515e-08
1673189325.808807 1632.195600 -2.371575e-06 -3.684197e-08 2.651515e-08
1673189329.067819 1631.990500 -2.362337e-06 -4.878563e-07 2.651515e-08
1673189332.326682 1631.785400 -2.068719e-06 -1.143403e-06 2.651515e-08
1673189335.586787 1631.580300 -4.386654e-07 -1.282473e-06 2.651515e-08
1673189338.845757 1631.375200 -1.032318e-07 -1.040545e-06 2.651515e-08
1673189342.105758 1631.170200 -2.513815e-08 -9.048520e-07 2.651515e-08
1673189345.364431 1630.965100 9.132236e-09 -8.095254e-07 2.651515e-08
1673189348.623456 1630.760100 3.276620e-08 -7.336712e-07 2.651515e-08
1673189351.880504 1630.555100 5.215807e-08 -6.713115e-07 2.651515e-08
1673189355.200477 1630.350000 6.173761e-08 -6.229726e-07 2.651515e-08
1673189358.459481 1630.144900 6.704609e-08 -5.816846e-07 2.651515e-08
1673189361.718623 1629.939800 7.002114e-08 -5.474324e-07 2.651515e-08
1673189364.977645 1629.734700 7.202486e-08 -5.164146e-07 2.651515e-08
1673189368.236534 1629.529700 7.307799e-08 -4.893070e-07 2.651515e-08
1673189371.493544 1629.324700 7.393674e-08 -4.660492e-07 2.651515e-08
1673189374.750737 1629.119600 7.335799e-08 -4.446046e-07 2.651515e-08
1673189378.071733 1628.914600 7.380321e-08 -4.254195e-07 2.651515e-08
1673189381.330593 1628.709500 7.342793e-08 -4.075580e-07 2.651515e-08
1673189384.590587 1628.504400 7.244323e-08 -3.910566e-07 2.651515e-08
1673189387.850545 1628.299300 7.258070e-08 -3.765253e-07 2.651515e-08
1673189391.163791 1628.094400 7.189159e-08 -3.622885e-07 2.651515e-08
1673189394.423645 1627.889300 7.159325e-08 -3.501315e-07 2.651515e-08
1673189397.741725 1627.684200 7.046378e-08 -3.382600e-07 2.651515e-08
1673189401.089650 1627.479100 6.998727e-08 -3.273493e-07 2.651515e-08

1673189536.943689 1626.873000 7.631814e-08 -3.585818e-07 3.181818e-08
1673189540.319966 1627.082500 7.686342e-08 -3.694505e-07 3.181818e-08
1673189543.574934 1627.292000 7.772607e-08 -3.816008e-07 3.181818e-08
1673189546.889143 1627.501500 7.860391e-08 -3.948997e-07 3.181818e-08
1673189550.140377 1627.710900 7.868504e-08 -4.089815e-07 3.181818e-08
1673189553.460946 1627.920400 8.030441e-08 -4.234612e-07 3.181818e-08
1673189556.718000 1628.129900 8.157453e-08 -4.380452e-07 3.181818e-08
1673189559.980492 1628.339400 8.197252e-08 -4.551676e-07 3.181818e-08
1673189563.230443 1628.548800 8.258563e-08 -4.748730e-07 3.181818e-08
1673189566.551998 1628.758300 8.271687e-08 -4.951048e-07 3.181818e-08
1673189569.855375 1628.967800 8.309511e-08 -5.174949e-07 3.181818e-08
1673189573.105063 1629.177200 8.231474e-08 -5.437750e-07 3.181818e-08
1673189576.427101 1629.386700 8.254215e-08 -5.718721e-07 3.181818e-08
1673189579.685097 1629.596200 7.896824e-08 -6.045653e-07 3.181818e-08
1673189582.943427 1629.805700 7.622545e-08 -6.415963e-07 3.181818e-08
1673189586.203172 1630.015300 6.772753e-08 -6.867969e-07 3.181818e-08
1673189589.554649 1630.224700 5.661423e-08 -7.384359e-07 3.181818e-08
1673189592.813620 1630.434200 4.499224e-08 -8.008109e-07 3.181818e-08
1673189596.130125 1630.643700 2.798056e-08 -8.738255e-07 3.181818e-08
1673189599.381130 1630.853100 -9.784981e-10 -9.663882e-07 3.181818e-08
1673189602.643112 1631.062600 -5.756417e-08 -1.096124e-06 3.181818e-08
1673189605.964139 1631.272100 -1.624973e-07 -1.284788e-06 3.181818e-08
1673189609.223673 1631.481600 -8.854881e-07 -1.750696e-06 3.181818e-08
1673189612.475400 1631.691000 -2.564545e-06 -4.952142e-07 3.181818e-08
1673189615.734414 1631.900500 -2.655241e-06 1.672087e-08 3.181818e-08
1673189618.990163 1632.110000 -2.558462e-06 3.422887e-07 3.181818e-08
1673189622.244717 1632.319500 -2.423756e-06 6.190194e-07 3.181818e-08
1673189625.504623 1632.528900 -2.265654e-06 7.989271e-07 3.181818e-08
1673189628.757348 1632.738400 -2.095137e-06 9.537795e-07 3.181818e-08
1673189632.017311 1632.947900 -1.922594e-06 1.057443e-06 3.181818e-08
1673189635.275366 1633.157300 -1.752937e-06 1.114165e-06 3.181818e-08
1673189638.534330 1633.366800 -1.593651e-06 1.161395e-06 3.181818e-08
1673189641.793769 1633.576400 -1.439159e-06 1.185423e-06 3.181818e-08
1673189645.116338 1633.785900 -1.297539e-06 1.185247e-06 3.181818e-08
1673189648.376648 1633.995400 -1.165677e-06 1.177133e-06 3.181818e-08
1673189651.637271 1634.204800 -1.041357e-06 1.156228e-06 3.181818e-08
1673189654.896732 1634.414300 -9.298639e-07 1.127175e-06 3.181818e-08
1673189658.155873 1634.623800 -8.316473e-07 1.091120e-06 3.181818e-08
1673189661.414762 1634.833300 -7.453663e-07 1.049620e-06 3.181818e-08
1673189664.672690 1635.042700 -6.654071e-07 1.010741e-06 3.181818e-08
1673189667.930789 1635.252200 -5.977935e-07 9.646145e-07 3.181818e-08
1673189671.188705 1635.461700 -5.403640e-07 9.170400e-07 3.181818e-08
1673189674.446781 1635.671100 -4.885656e-07 8.759344e-07 3.181818e-08
1673189677.704790 1635.880600 -4.405822e-07 8.375366e-07 3.181818e-08
1673189680.963420 1636.090100 -4.018476e-07 8.002070e-07 3.181818e-08
1673189684.222472 1636.299600 -3.662440e-07 7.616827e-07 3.181818e-08
1673189687.480391 1636.509000 -3.358378e-07 7.282050e-07 3.181818e-08
1673189690.738559 1636.718500 -3.096506e-07 6.936137e-07 3.181818e-08
1673189694.062779 1636.928100 -2.832507e-07 6.638968e-07 3.181818e-08
1673189697.321425 1637.137600 -2.605342e-07 6.348885e-07 3.181818e-08

1673189730.872666 1637.383100 -2.400298e-07 6.012894e-07 3.181818e-08
1673189734.192602 1637.163900 -2.576775e-07 6.287538e-07 3.181818e-08
1673189737.452941 1636.944700 -2.792393e-07 6.589617e-07 3.181818e-08
1673189740.711686 1636.725600 -3.057207e-07 6.900300e-07 3.181818e-08
1673189743.970819 1636.506500 -3.334680e-07 7.250465e-07 3.181818e-08
1673189747.230554 1636.287400 -3.654524e-07 7.629481e-07 3.181818e-08
1673189750.572808 1636.068200 -4.036606e-07 7.993617e-07 3.181818e-08
1673189753.831941 1635.849100 -4.456884e-07 8.389791e-07 3.181818e-08
1673189757.150768 1635.630000 -4.959829e-07 8.811579e-07 3.181818e-08
1673189760.410747 1635.410900 -5.487916e-07 9.244958e-07 3.181818e-08
1673189763.781678 1635.191800 -6.108526e-07 9.744696e-07 3.181818e-08
1673189767.041786 1634.972700 -6.857398e-07 1.022297e-06 3.181818e-08
1673189770.359654 1634.753500 -7.695255e-07 1.060528e-06 3.181818e-08
1673189773.618787 1634.534400 -8.605291e-07 1.106680e-06 3.181818e-08
1673189776.869787 1634.315300 -9.672038e-07 1.142628e-06 3.181818e-08
1673189780.125866 1634.096200 -1.088896e-06 1.163188e-06 3.181818e-08
1673189783.386722 1633.877100 -1.223253e-06 1.183900e-06 3.181818e-08
1673189786.729759 1633.658000 -1.365456e-06 1.192145e-06 3.181818e-08
1673189789.988609 1633.438800 -1.523178e-06 1.174151e-06 3.181818e-08
1673189793.245638 1633.219700 -1.689312e-06 1.140971e-06 3.181818e-08
1673189796.504822 1633.000600 -1.861687e-06 1.083516e-06 3.181818e-08
1673189799.818774 1632.781500 -2.041032e-06 9.937871e-07 3.181818e-08
1673189803.078026 1632.562400 -2.218176e-06 8.506272e-07 3.181818e-08
1673189806.329782 1632.343300 -2.392070e-06 6.836116e-07 3.181818e-08
1673189809.588087 1632.124100 -2.539466e-06 4.064572e-07 3.181818e-08
1673189812.843914 1631.905000 -2.652903e-06 7.091381e-08 3.181818e-08
1673189816.172750 1631.685900 -2.698984e-06 -3.539299e-07 3.181818e-08
1673189819.432732 1631.466800 -2.503830e-06 -1.031192e-06 3.181818e-08
1673189822.707737 1631.247700 -4.834592e-07 -1.364575e-06 3.181818e-08
1673189825.964881 1631.028600 -8.162180e-08 -1.110034e-06 3.181818e-08
1673189829.276821 1630.809400 -7.056169e-09 -9.725838e-07 3.181818e-08
1673189832.534772 1630.590300 2.774078e-08 -8.719578e-07 3.181818e-08
1673189835.786919 1630.371200 4.533932e-08 -7.950507e-07 3.181818e-08
1673189839.045826 1630.152100 5.767934e-08 -7.331921e-07 3.181818e-08
1673189842.303779 1629.932900 6.694159e-08 -6.819276e-07 3.181818e-08
1673189845.554424 1629.713700 7.236506e-08 -6.363677e-07 3.181818e-08
1673189848.890024 1629.494600 7.619107e-08 -5.983902e-07 3.181818e-08
1673189852.143410 1629.275500 8.007731e-08 -5.648416e-07 3.181818e-08
1673189855.469208 1629.056400 8.080506e-08 -5.365167e-07 3.181818e-08
1673189858.724958 1628.837300 8.197570e-08 -5.098519e-07 3.181818e-08
1673189862.074933 1628.618200 8.153571e-08 -4.862020e-07 3.181818e-08
1673189865.334027 1628.399000 8.083758e-08 -4.654812e-07 3.181818e-08
1673189868.589884 1628.179900 8.098122e-08 -4.464698e-07 3.181818e-08
1673189871.848424 1627.960800 8.046277e-08 -4.284677e-07 3.181818e-08
1673189875.101910 1627.741700 7.924278e-08 -4.121248e-07 3.181818e-08
1673189878.394401 1627.522600 7.869144e-08 -3.977433e-07 3.181818e-08
1673189881.642067 1627.303500 7.710903e-08 -3.840147e-07 3.181818e-08
1673189884.962492 1627.084400 7.665386e-08 -3.712181e-07 3.181818e-08
1673189888.215299 1626.865200 7.564343e-08 -3.590855e-07 3.181818e-08
1673189891.549256 1626.646100 7.522622e-08 -3.486258e-07 3.181818e-08

1673190024.084309 1626.085000 8.648547e-08 -3.665179e-07 3.712121e-08
1673190027.343768 1626.313400 8.747305e-08 -3.768430e-07 3.712121e-08
1673190030.602734 1626.541600 8.868991e-08 -3.896198e-07 3.712121e-08
1673190033.861543 1626.769900 9.028388e-08 -4.023952e-07 3.712121e-08
1673190037.120651 1626.998200 9.170626e-08 -4.162821e-07 3.712121e-08
1673190040.447687 1627.226400 9.266498e-08 -4.316531e-07 3.712121e-08
1673190043.705766 1627.454800 9.372950e-08 -4.475389e-07 3.712121e-08
1673190046.965908 1627.683100 9.513669e-08 -4.651067e-07 3.712121e-08
1673190050.224560 1627.911400 9.552698e-08 -4.841874e-07 3.712121e-08
1673190053.482598 1628.139600 9.775720e-08 -5.051926e-07 3.712121e-08
1673190056.741824 1628.368000 9.849777e-08 -5.288557e-07 3.712121e-08
1673190060.000603 1628.596300 9.864511e-08 -5.531362e-07 3.712121e-08
1673190063.292543 1628.824600 9.917713e-08 -5.800286e-07 3.712121e-08
1673190066.550738 1629.052900 9.886588e-08 -6.128280e-07 3.712121e-08
1673190069.832535 1629.281200 9.516634e-08 -6.515293e-07 3.712121e-08
1673190073.091730 1629.509500 9.218657e-08 -6.936321e-07 3.712121e-08
1673190076.412554 1629.737800 8.774548e-08 -7.411155e-07 3.712121e-08
1673190079.670642 1629.966100 8.003354e-08 -7.979072e-07 3.712121e-08
1673190082.990530 1630.194500 7.023365e-08 -8.654500e-07 3.712121e-08
1673190086.251653 1630.422700 5.096689e-08 -9.521058e-07 3.712121e-08
1673190089.502732 1630.651000 1.764039e-08 -1.061276e-06 3.712121e-08
1673190092.825586 1630.879300 -3.018702e-08 -1.206101e-06 3.712121e-08
1673190096.080535 1631.107500 -1.716439e-07 -1.457357e-06 3.712121e-08
1673190099.408578 1631.335900 -2.558880e-06 -7.233214e-07 3.712121e-08
1673190102.664531 1631.564200 -2.944637e-06 2.296195e-08 3.712121e-08
1673190105.986778 1631.792500 -2.845094e-06 3.741184e-07 3.712121e-08
1673190109.233701 1632.020800 -2.685383e-06 6.242317e-07 3.712121e-08
1673190112.492743 1632.249100 -2.504818e-06 8.303085e-07 3.712121e-08
1673190115.820617 1632.477400 -2.318306e-06 9.833539e-07 3.712121e-08
1673190119.078834 1632.705700 -2.128371e-06 1.108251e-06 3.712121e-08
1673190122.398744 1632.934000 -1.940740e-06 1.198679e-06 3.712121e-08
1673190125.655585 1633.162400 -1.761507e-06 1.246998e-06 3.712121e-08
1673190128.999621 1633.390600 -1.596380e-06 1.262937e-06 3.712121e-08
1673190132.253633 1633.618900 -1.439195e-06 1.273061e-06 3.712121e-08
1673190135.574701 1633.847200 -1.293935e-06 1.262128e-06 3.712121e-08
1673190138.831764 1634.075400 -1.160352e-06 1.239720e-06 3.712121e-08
1673190142.090752 1634.303800 -1.039627e-06 1.217242e-06 3.712121e-08
1673190145.343770 1634.532100 -9.253241e-07 1.187783e-06 3.712121e-08
1673190148.602870 1634.760400 -8.282618e-07 1.143671e-06 3.712121e-08
1673190151.952747 1634.988600 -7.415657e-07 1.099098e-06 3.712121e-08
1673190155.210682 1635.217000 -6.655396e-07 1.051832e-06 3.712121e-08
1673190158.518663 1635.445300 -5.991612e-07 1.002329e-06 3.712121e-08
1673190161.771799 1635.673600 -5.408308e-07 9.548459e-07 3.712121e-08
1673190165.094796 1635.901900 -4.913730e-07 9.047862e-07 3.712121e-08
1673190168.347751 1636.130200 -4.485167e-07 8.595553e-07 3.712121e-08
1673190171.606795 1636.358500 -4.102361e-07 8.182371e-07 3.712121e-08
1673190175.106894 1636.586800 -3.735424e-07 7.836610e-07 3.712121e-08
1673190178.366801 1636.815100 -3.429111e-07 7.498392e-07 3.712121e-08
1673190181.622899 1637.043500 -3.169325e-07 7.145494e-07 3.712121e-08
1673190184.881220 1637.271700 -2.925538e-07 6.830610e-07 3.712121e-08

1673190218.543380 1637.500000 -2.687396e-07 6.544071e-07 3.712121e-08
1673190221.795960 1637.271700 -2.904330e-07 6.805201e-07 3.712121e-08
1673190225.162017 1637.043500 -3.144826e-07 7.116643e-07 3.712121e-08
1673190228.418930 1636.815100 -3.406424e-07 7.461594e-07 3.712121e-08
1673190231.678916 1636.586800 -3.708122e-07 7.804975e-07 3.712121e-08
1673190234.938199 1636.358500 -4.061195e-07 8.154127e-07 3.712121e-08
1673190238.187883 1636.130200 -4.445645e-07 8.562500e-07 3.712121e-08
1673190241.478700 1635.901900 -4.875610e-07 9.018656e-07 3.712121e-08
1673190244.731019 1635.673600 -5.361588e-07 9.514951e-07 3.712121e-08
1673190248.048502 1635.445300 -5.926366e-07 9.967310e-07 3.712121e-08
1673190251.309196 1635.217000 -6.576738e-07 1.049929e-06 3.712121e-08
1673190254.642000 1634.988600 -7.341401e-07 1.097833e-06 3.712121e-08
1673190257.901301 1634.760400 -8.199049e-07 1.142304e-06 3.712121e-08
1673190261.151045 1634.532100 -9.148819e-07 1.185146e-06 3.712121e-08
1673190264.409429 1634.303800 -1.027028e-06 1.218340e-06 3.712121e-08
1673190267.663987 1634.075400 -1.149399e-06 1.245238e-06 3.712121e-08
1673190270.956843 1633.847200 -1.282986e-06 1.267731e-06 3.712121e-08
1673190274.211211 1633.618900 -1.427193e-06 1.283341e-06 3.712121e-08
1673190277.538989 1633.390600 -1.584682e-06 1.281448e-06 3.712121e-08
1673190280.798119 1633.162400 -1.752244e-06 1.265584e-06 3.712121e-08
1673190284.127000 1632.934000 -1.928866e-06 1.214532e-06 3.712121e-08
1673190287.386563 1632.705700 -2.112270e-06 1.132451e-06 3.712121e-08
1673190290.641254 1632.477400 -2.294982e-06 1.013618e-06 3.712121e-08
1673190293.900078 1632.249100 -2.473522e-06 8.509096e-07 3.712121e-08
1673190297.154181 1632.020800 -2.634028e-06 6.961077e-07 3.712121e-08
1673190300.477535 1631.792500 -2.801245e-06 4.642619e-07 3.712121e-08
1673190303.724099 1631.564200 -2.929685e-06 1.511149e-07 3.712121e-08
1673190306.979489 1631.335900 -2.994555e-06 -3.049382e-07 3.712121e-08
1673190310.239533 1631.107500 -2.860845e-06 -9.769324e-07 3.712121e-08
1673190313.498383 1630.879300 -5.033341e-07 -1.400818e-06 3.712121e-08
1673190316.758226 1630.651000 -2.469716e-08 -1.127093e-06 3.712121e-08
1673190320.017162 1630.422700 3.224615e-08 -9.972358e-07 3.712121e-08
1673190323.274186 1630.194500 6.704175e-08 -8.934716e-07 3.712121e-08
1673190326.532610 1629.966100 7.892908e-08 -8.203254e-07 3.712121e-08
1673190329.791259 1629.737800 8.712695e-08 -7.607953e-07 3.712121e-08
1673190333.049203 1629.509500 9.126635e-08 -7.104470e-07 3.712121e-08
1673190336.307172 1629.281200 9.458576e-08 -6.664613e-07 3.712121e-08
1673190339.565317 1629.052900 9.646259e-08 -6.280131e-07 3.712121e-08
1673190342.837402 1628.824600 9.772139e-08 -5.937913e-07 3.712121e-08
1673190346.096639 1628.596300 9.896349e-08 -5.646616e-07 3.712121e-08
1673190349.355794 1628.368000 9.814751e-08 -5.386297e-07 3.712121e-08
1673190352.615678 1628.139600 9.723383e-08 -5.151641e-07 3.712121e-08
1673190355.874688 1627.911400 9.706675e-08 -4.931977e-07 3.712121e-08
1673190359.132680 1627.683100 9.561198e-08 -4.724527e-07 3.712121e-08
1673190362.390605 1627.454800 9.483396e-08 -4.544825e-07 3.712121e-08
1673190365.650750 1627.226400 9.367581e-08 -4.370388e-07 3.712121e-08
1673190368.909774 1626.998200 9.261584e-08 -4.217184e-07 3.712121e-08
1673190372.169427 1626.769900 9.123295e-08 -4.081939e-07 3.712121e-08
1673190375.428300 1626.541600 8.991636e-08 -3.949073e-07 3.712121e-08

1673190511.265649 1626.085000 9.509192e-08 -4.250553e-07 4.242424e-08
1673190514.524739 1626.313400 9.617915e-08 -4.374986e-07 4.242424e-08
1673190517.840597 1626.541600 9.779583e-08 -4.518790e-07 4.242424e-08
1673190521.091661 1626.769900 9.900656e-08 -4.677687e-07 4.242424e-08
1673190524.351324 1626.998200 1.004390e-07 -4.838190e-07 4.242424e-08
1673190527.609648 1627.226400 1.013450e-07 -5.022720e-07 4.242424e-08
1673190530.981764 1627.454800 1.031368e-07 -5.213673e-07 4.242424e-08
1673190534.238906 1627.683100 1.041091e-07 -5.423983e-07 4.242424e-08
1673190537.621814 1627.911400 1.049306e-07 -5.652463e-07 4.242424e-08
1673190540.877804 1628.139600 1.051356e-07 -5.905443e-07 4.242424e-08
1673190544.134818 1628.368000 1.058184e-07 -6.189299e-07 4.242424e-08
1673190547.409197 1628.596300 1.057693e-07 -6.502158e-07 4.242424e-08
1673190550.663382 1628.824600 1.041576e-07 -6.865937e-07 4.242424e-08
1673190553.916896 1629.052900 1.016333e-07 -7.275930e-07 4.242424e-08
1673190557.171777 1629.281200 9.826627e-08 -7.736388e-07 4.242424e-08
1673190560.430874 1629.509500 9.538867e-08 -8.231772e-07 4.242424e-08
1673190563.689868 1629.737800 8.945686e-08 -8.849192e-07 4.242424e-08
1673190566.948106 1629.966100 6.901775e-08 -9.675053e-07 4.242424e-08
1673190570.285849 1630.194500 4.965981e-08 -1.061905e-06 4.242424e-08
1673190573.542833 1630.422700 2.500908e-08 -1.180278e-06 4.242424e-08
1673190576.864369 1630.651000 -5.843556e-08 -1.364401e-06 4.242424e-08
1673190580.115322 1630.879300 -3.676863e-07 -1.775931e-06 4.242424e-08
1673190583.371166 1631.107500 -3.000734e-06 -2.301040e-07 4.242424e-08
1673190586.623043 1631.335900 -3.168555e-06 3.452399e-07 4.242424e-08
1673190589.959265 1631.564200 -3.033717e-06 6.204289e-07 4.242424e-08
1673190593.216988 1631.792500 -2.862795e-06 8.210643e-07 4.242424e-08
1673190596.475912 1632.020800 -2.685889e-06 1.017898e-06 4.242424e-08
1673190599.794003 1632.249100 -2.500870e-06 1.143732e-06 4.242424e-08
1673190603.053944 1632.477400 -2.311832e-06 1.258132e-06 4.242424e-08
1673190606.373438 1632.705700 -2.127480e-06 1.342986e-06 4.242424e-08
1673190609.631533 1632.934000 -1.951522e-06 1.388906e-06 4.242424e-08
1673190612.884046 1633.162400 -1.784836e-06 1.429648e-06 4.242424e-08
1673190616.131953 1633.390600 -1.623131e-06 1.438841e-06 4.242424e-08
1673190619.465042 1633.618900 -1.469469e-06 1.432873e-06 4.242424e-08
1673190622.718549 1633.847200 -1.328906e-06 1.405034e-06 4.242424e-08
1673190625.976312 1634.075400 -1.201757e-06 1.374234e-06 4.242424e-08
1673190629.235969 1634.303800 -1.088042e-06 1.333751e-06 4.242424e-08
1673190632.495301 1634.532100 -9.814991e-07 1.292894e-06 4.242424e-08
1673190635.752385 1634.760400 -8.810353e-07 1.253863e-06 4.242424e-08
1673190639.010025 1634.988600 -7.925778e-07 1.206841e-06 4.242424e-08
1673190642.262489 1635.217000 -7.154940e-07 1.155475e-06 4.242424e-08
1673190645.513373 1635.445300 -6.484524e-07 1.104059e-06 4.242424e-08
1673190648.771380 1635.673600 -5.893275e-07 1.053088e-06 4.242424e-08
1673190652.029163 1635.901900 -5.369598e-07 1.005843e-06 4.242424e-08
1673190655.286608 1636.130200 -4.911602e-07 9.578938e-07 4.242424e-08
1673190658.542618 1636.358500 -4.490870e-07 9.183066e-07 4.242424e-08
1673190661.801224 1636.586800 -4.129724e-07 8.773934e-07 4.242424e-08
1673190665.059206 1636.815100 -3.796777e-07 8.380290e-07 4.242424e-08
1673190668.317454 1637.043500 -3.519938e-07 7.994037e-07 4.242424e-08
1673190671.576117 1637.271700 -3.269684e-07 7.638356e-07 4.242424e-08

1673190705.902807 1637.602100 -2.952835e-07 7.147732e-07 4.242424e-08
1673190709.162226 1637.351700 -3.169054e-07 7.490152e-07 4.242424e-08
1673190712.422268 1637.101300 -3.434458e-07 7.878429e-07 4.242424e-08
1673190715.680741 1636.851100 -3.725742e-07 8.280070e-07 4.242424e-08
1673190718.939534 1636.600700 -4.069445e-07 8.720281e-07 4.242424e-08
1673190722.198296 1636.350300 -4.471848e-07 9.176689e-07 4.242424e-08
1673190725.519641 1636.100100 -4.927049e-07 9.628693e-07 4.242424e-08
1673190728.778798 1635.849700 -5.440663e-07 1.012899e-06 4.242424e-08
1673190732.038488 1635.599500 -6.032621e-07 1.066061e-06 4.242424e-08
1673190735.296621 1635.349100 -6.714880e-07 1.117842e-06 4.242424e-08
1673190738.638278 1635.098800 -7.469621e-07 1.182039e-06 4.242424e-08
1673190741.896640 1634.848500 -8.355209e-07 1.236006e-06 4.242424e-08
1673190745.156718 1634.598100 -9.425850e-07 1.278913e-06 4.242424e-08
1673190748.477281 1634.347900 -1.056103e-06 1.322018e-06 4.242424e-08
1673190751.732327 1634.097500 -1.178236e-06 1.369304e-06 4.242424e-08
1673190755.052425 1633.847200 -1.315554e-06 1.408992e-06 4.242424e-08
1673190758.306348 1633.596900 -1.468861e-06 1.441569e-06 4.242424e-08
1673190761.623354 1633.346600 -1.641662e-06 1.442313e-06 4.242424e-08
1673190764.879466 1633.096200 -1.822712e-06 1.420547e-06 4.242424e-08
1673190768.145532 1632.845900 -2.005378e-06 1.385611e-06 4.242424e-08
1673190771.399762 1632.595600 -2.198152e-06 1.321950e-06 4.242424e-08
1673190774.655364 1632.345300 -2.403266e-06 1.216914e-06 4.242424e-08
1673190778.003424 1632.095000 -2.608289e-06 1.088069e-06 4.242424e-08
1673190781.263800 1631.844600 -2.803684e-06 8.871093e-07 4.242424e-08
1673190784.576772 1631.594400 -2.993765e-06 6.715267e-07 4.242424e-08
1673190787.835759 1631.344000 -3.167482e-06 4.044302e-07 4.242424e-08
1673190791.089429 1631.093600 -3.294514e-06 2.567123e-08 4.242424e-08
1673190794.347710 1630.843400 -3.303387e-06 -5.677016e-07 4.242424e-08
1673190797.641383 1630.593000 -2.878670e-06 -1.600691e-06 4.242424e-08
1673190800.893771 1630.342800 -2.299799e-07 -1.235627e-06 4.242424e-08
1673190804.164621 1630.092400 3.993347e-08 -1.042104e-06 4.242424e-08
1673190807.470508 1629.842000 7.277279e-08 -9.399497e-07 4.242424e-08
1673190810.729714 1629.591800 8.787492e-08 -8.587910e-07 4.242424e-08
1673190814.049465 1629.341400 9.319431e-08 -7.965023e-07 4.242424e-08
1673190817.303806 1629.091100 9.961969e-08 -7.417657e-07 4.242424e-08
1673190820.563491 1628.840800 1.033295e-07 -6.958616e-07 4.242424e-08
1673190823.819568 1628.590500 1.035624e-07 -6.558747e-07 4.242424e-08
1673190827.140531 1628.340200 1.054485e-07 -6.218606e-07 4.242424e-08
1673190830.396601 1628.089800 1.044402e-07 -5.913087e-07 4.242424e-08
1673190833.652617 1627.839500 1.035793e-07 -5.633584e-07 4.242424e-08
1673190836.912819 1627.589200 1.030322e-07 -5.383946e-07 4.242424e-08
1673190840.255609 1627.338900 1.014323e-07 -5.151720e-07 4.242424e-08
1673190843.514499 1627.088500 1.002879e-07 -4.950107e-07 4.242424e-08
1673190846.893767 1626.838300 9.855388e-08 -4.754548e-07 4.242424e-08
1673190850.150825 1626.587900 9.720451e-08 -4.581979e-07 4.242424e-08
1673190853.404673 1626.337600 9.672221e-08 -4.418010e-07 4.242424e-08
1673190856.657626 1626.087300 9.449313e-08 -4.271837e-07 4.242424e-08
1673190859.936813 1625.836900 9.336242e-08 -4.126576e-07 4.242424e-08
1673190863.195815 1625.586700 9.115003e-08 -3.998686e-07 4.242424e-08

1673190999.113438 1625.086100 9.675888e-08 -4.242700e-07 4.772727e-08
1673191002.372528 1625.336300 9.798771e-08 -4.361974e-07 4.772727e-08
1673191005.630613 1625.586700 9.951367e-08 -4.494009e-07 4.772727e-08
1673191008.890096 1625.836900 1.009718e-07 -4.643845e-07 4.772727e-08
1673191012.148643 1626.087300 1.023773e-07 -4.802534e-07 4.772727e-08
1673191015.407506 1626.337600 1.045213e-07 -4.976986e-07 4.772727e-08
1673191018.666063 1626.587900 1.057592e-07 -5.154585e-07 4.772727e-08
1673191021.925126 1626.838300 1.074947e-07 -5.354113e-07 4.772727e-08
1673191025.182439 1627.088500 1.090313e-07 -5.564320e-07 4.772727e-08
1673191028.440556 1627.338900 1.091106e-07 -5.814262e-07 4.772727e-08
1673191031.699126 1627.589200 1.102326e-07 -6.074984e-07 4.772727e-08
1673191035.020216 1627.839500 1.112605e-07 -6.349627e-07 4.772727e-08
1673191038.278252 1628.089800 1.121198e-07 -6.666130e-07 4.772727e-08
1673191041.536289 1628.340200 1.115928e-07 -7.030718e-07 4.772727e-08
1673191044.793762 1628.590500 1.103611e-07 -7.437218e-07 4.772727e-08
1673191048.051719 1628.840800 1.080888e-07 -7.897016e-07 4.772727e-08
1673191051.308613 1629.091100 1.063955e-07 -8.417910e-07 4.772727e-08
1673191054.566673 1629.341400 1.024077e-07 -9.043479e-07 4.772727e-08
1673191057.824406 1629.591800 9.126378e-08 -9.807485e-07 4.772727e-08
1673191061.084329 1629.842000 7.163593e-08 -1.079213e-06 4.772727e-08
1673191064.342411 1630.092400 4.688996e-08 -1.197681e-06 4.772727e-08
1673191067.602678 1630.342800 -1.638925e-08 -1.375326e-06 4.772727e-08
1673191070.861663 1630.593000 -1.964066e-07 -1.689605e-06 4.772727e-08
1673191074.184164 1630.843400 -3.173832e-06 -2.364438e-08 4.772727e-08
1673191077.443671 1631.093600 -3.365382e-06 5.580418e-07 4.772727e-08
1673191080.703680 1631.344000 -3.205778e-06 8.640414e-07 4.772727e-08
1673191084.025426 1631.594400 -3.010686e-06 1.082717e-06 4.772727e-08
1673191087.284561 1631.844600 -2.804914e-06 1.226444e-06 4.772727e-08
1673191090.543750 1632.095000 -2.602002e-06 1.338363e-06 4.772727e-08
1673191093.802312 1632.345300 -2.399191e-06 1.432081e-06 4.772727e-08
1673191097.134707 1632.595600 -2.201199e-06 1.500859e-06 4.772727e-08
1673191100.393682 1632.845900 -2.008025e-06 1.546759e-06 4.772727e-08
1673191103.712588 1633.096200 -1.831677e-06 1.557455e-06 4.772727e-08
1673191106.969664 1633.346600 -1.658188e-06 1.582440e-06 4.772727e-08
1673191110.224287 1633.596900 -1.496144e-06 1.560488e-06 4.772727e-08
1673191113.595704 1633.847200 -1.351016e-06 1.527987e-06 4.772727e-08
1673191116.853628 1634.097500 -1.213020e-06 1.488137e-06 4.772727e-08
1673191120.107376 1634.347900 -1.093666e-06 1.434888e-06 4.772727e-08
1673191123.361318 1634.598100 -9.822336e-07 1.389298e-06 4.772727e-08
1673191126.656397 1634.848500 -8.861128e-07 1.324894e-06 4.772727e-08
1673191129.967539 1635.098800 -7.960155e-07 1.270861e-06 4.772727e-08
1673191133.318662 1635.349100 -7.178385e-07 1.215907e-06 4.772727e-08
1673191136.576490 1635.599500 -6.518398e-07 1.155698e-06 4.772727e-08
1673191139.832438 1635.849700 -5.904776e-07 1.105821e-06 4.772727e-08
1673191143.190769 1636.100100 -5.367384e-07 1.055989e-06 4.772727e-08
1673191146.447415 1636.350300 -4.883271e-07 1.007402e-06 4.772727e-08
1673191149.765475 1636.600700 -4.474384e-07 9.581021e-07 4.772727e-08
1673191153.023558 1636.851100 -4.102939e-07 9.135648e-07 4.772727e-08
1673191156.280617 1637.101300 -3.769851e-07 8.722417e-07 4.772727e-08
1673191159.536608 1637.351700 -3.475809e-07 8.318752e-07 4.772727e-08
1673191162.837676 1637.602100 -3.222899e-07 7.947026e-07 4.772727e-08

1673191193.209735 1637.886000 -2.970506e-07 7.535011e-07 4.772727e-08
1673191196.500732 1637.614600 -3.187447e-07 7.905673e-07 4.772727e-08
1673191199.821762 1637.343300 -3.459981e-07 8.292583e-07 4.772727e-08
1673191203.070990 1637.072000 -3.780262e-07 8.732489e-07 4.772727e-08
1673191206.330746 1636.800700 -4.133121e-07 9.191629e-07 4.772727e-08
1673191209.643567 1636.529300 -4.537937e-07 9.680887e-07 4.772727e-08
1673191212.902788 1636.257900 -4.990733e-07 1.021697e-06 4.772727e-08
1673191216.221733 1635.986600 -5.554410e-07 1.072176e-06 4.772727e-08
1673191219.478583 1635.715300 -6.172435e-07 1.131372e-06 4.772727e-08
1673191222.761744 1635.444000 -6.847758e-07 1.189384e-06 4.772727e-08
1673191226.013672 1635.172600 -7.646890e-07 1.252892e-06 4.772727e-08
1673191229.334733 1634.901200 -8.564465e-07 1.310256e-06 4.772727e-08
1673191232.594751 1634.629900 -9.590916e-07 1.376887e-06 4.772727e-08
1673191235.852823 1634.358500 -1.076826e-06 1.430662e-06 4.772727e-08
1673191239.329697 1634.087300 -1.204506e-06 1.487940e-06 4.772727e-08
1673191242.581609 1633.815900 -1.351608e-06 1.533646e-06 4.772727e-08
1673191245.929848 1633.544600 -1.513444e-06 1.560012e-06 4.772727e-08
1673191249.185799 1633.273200 -1.691104e-06 1.577150e-06 4.772727e-08
1673191252.441764 1633.001800 -1.876999e-06 1.562471e-06 4.772727e-08
1673191255.700759 1632.730600 -2.075897e-06 1.541763e-06 4.772727e-08
1673191258.954915 1632.459200 -2.286994e-06 1.479534e-06 4.772727e-08
1673191262.213798 1632.187900 -2.503213e-06 1.397337e-06 4.772727e-08
1673191265.472775 1631.916500 -2.722763e-06 1.270881e-06 4.772727e-08
1673191268.756947 1631.645100 -2.944434e-06 1.133789e-06 4.772727e-08
1673191272.012155 1631.373800 -3.161346e-06 9.217245e-07 4.772727e-08
1673191275.327758 1631.102500 -3.359642e-06 6.312643e-07 4.772727e-08
1673191278.581792 1630.831200 -3.526971e-06 2.790287e-07 4.772727e-08
1673191281.958028 1630.559800 -3.639456e-06 -1.469951e-07 4.772727e-08
1673191285.215899 1630.288500 -3.620636e-06 -7.977825e-07 4.772727e-08
1673191288.495087 1630.017100 -5.546559e-07 -1.360384e-06 4.772727e-08
1673191291.750009 1629.745800 4.049184e-08 -1.083850e-06 4.772727e-08
1673191295.008927 1629.474500 8.899848e-08 -9.740977e-07 4.772727e-08
1673191298.266789 1629.203100 1.041974e-07 -8.925747e-07 4.772727e-08
1673191301.523987 1628.931800 1.077054e-07 -8.294914e-07 4.772727e-08
1673191304.785089 1628.660400 1.118860e-07 -7.739804e-07 4.772727e-08
1673191308.039935 1628.389200 1.130919e-07 -7.261125e-07 4.772727e-08
1673191311.298064 1628.117800 1.135436e-07 -6.849767e-07 4.772727e-08
1673191314.557093 1627.846400 1.132654e-07 -6.483104e-07 4.772727e-08
1673191317.814478 1627.575100 1.125104e-07 -6.163564e-07 4.772727e-08
1673191321.073476 1627.303700 1.107294e-07 -5.879406e-07 4.772727e-08
1673191324.412190 1627.032300 1.087525e-07 -5.621619e-07 4.772727e-08
1673191327.671442 1626.761100 1.071558e-07 -5.387470e-07 4.772727e-08
1673191330.925960 1626.489700 1.053130e-07 -5.177315e-07 4.772727e-08
1673191334.185428 1626.218400 1.038428e-07 -4.965706e-07 4.772727e-08
1673191337.444267 1625.947000 1.023999e-07 -4.782564e-07 4.772727e-08
1673191340.703263 1625.675700 1.002524e-07 -4.611322e-07 4.772727e-08
1673191343.962406 1625.404400 9.932585e-08 -4.453341e-07 4.772727e-08
1673191347.221007 1625.133100 9.808797e-08 -4.314291e-07 4.772727e-08
1673191350.478017 1624.861700 9.597643e-08 -4.172453e-07 4.772727e-08
1673191353.736278 1624.590300 9.441459e-08 -4.044751e-07 4.772727e-08

1673191486.263663 1624.319000 9.870516e-08 -4.367310e-07 5.303030e-08
1673191489.624592 1624.590300 1.014630e-07 -4.490334e-07 5.303030e-08
1673191492.879005 1624.861700 1.027388e-07 -4.637457e-07 5.303030e-08
1673191496.138419 1625.133100 1.050370e-07 -4.788482e-07 5.303030e-08
1673191499.397339 1625.404400 1.066985e-07 -4.951544e-07 5.303030e-08
1673191502.768465 1625.675700 1.079105e-07 -5.127290e-07 5.303030e-08
1673191506.021403 1625.947000 1.093715e-07 -5.318768e-07 5.303030e-08
1673191509.277707 1626.218400 1.119800e-07 -5.519003e-07 5.303030e-08
1673191512.600488 1626.489700 1.135994e-07 -5.743028e-07 5.303030e-08
1673191515.852739 1626.761100 1.157094e-07 -5.977986e-07 5.303030e-08
1673191519.106381 1627.032300 1.181008e-07 -6.233747e-07 5.303030e-08
1673191522.357731 1627.303700 1.183247e-07 -6.539062e-07 5.303030e-08
1673191525.613737 1627.575100 1.202145e-07 -6.864220e-07 5.303030e-08
1673191528.950647 1627.846400 1.212361e-07 -7.223998e-07 5.303030e-08
1673191532.209448 1628.117800 1.214965e-07 -7.636419e-07 5.303030e-08
1673191535.521479 1628.389200 1.191152e-07 -8.110137e-07 5.303030e-08
1673191538.781765 1628.660400 1.187702e-07 -8.641304e-07 5.303030e-08
1673191542.100466 1628.931800 1.128488e-07 -9.284893e-07 5.303030e-08
1673191545.353706 1629.203100 1.044289e-07 -1.005447e-06 5.303030e-08
1673191548.613775 1629.474500 9.061174e-08 -1.099634e-06 5.303030e-08
1673191551.863541 1629.745800 6.428158e-08 -1.219686e-06 5.303030e-08
1673191555.117508 1630.017100 1.926585e-08 -1.389647e-06 5.303030e-08
1673191558.476814 1630.288500 -1.108310e-07 -1.683447e-06 5.303030e-08
1673191561.729557 1630.559800 -3.365101e-06 2.040337e-07 5.303030e-08
1673191565.051761 1630.831200 -3.539589e-06 8.022312e-07 5.303030e-08
1673191568.310603 1631.102500 -3.352813e-06 1.053959e-06 5.303030e-08
1673191571.631641 1631.373800 -3.137672e-06 1.249113e-06 5.303030e-08
1673191574.890081 1631.645100 -2.916958e-06 1.425402e-06 5.303030e-08
1673191578.149597 1631.916500 -2.693607e-06 1.540996e-06 5.303030e-08
1673191581.475656 1632.187900 -2.482328e-06 1.606657e-06 5.303030e-08
1673191584.733604 1632.459200 -2.271237e-06 1.665414e-06 5.303030e-08
1673191588.054743 1632.730600 -2.072419e-06 1.702355e-06 5.303030e-08
1673191591.309739 1633.001800 -1.876442e-06 1.715490e-06 5.303030e-08
1673191594.565810 1633.273200 -1.695462e-06 1.696980e-06 5.303030e-08
1673191597.820694 1633.544600 -1.525861e-06 1.671267e-06 5.303030e-08
1673191601.139702 1633.815900 -1.369248e-06 1.631599e-06 5.303030e-08
1673191604.399645 1634.087300 -1.229025e-06 1.583504e-06 5.303030e-08
1673191607.658771 1634.358500 -1.102656e-06 1.520137e-06 5.303030e-08
1673191610.913823 1634.629900 -9.867339e-07 1.465122e-06 5.303030e-08
1673191614.166786 1634.901200 -8.865842e-07 1.398582e-06 5.303030e-08
1673191617.422621 1635.172600 -7.943256e-07 1.342565e-06 5.303030e-08
1673191620.677925 1635.444000 -7.137748e-07 1.287125e-06 5.303030e-08
1673191623.992804 1635.715300 -6.453366e-07 1.221506e-06 5.303030e-08
1673191627.249746 1635.986600 -5.844199e-07 1.162947e-06 5.303030e-08
1673191630.505776 1636.257900 -5.319665e-07 1.101580e-06 5.303030e-08
1673191633.869094 1636.529300 -4.839587e-07 1.048504e-06 5.303030e-08
1673191637.125911 1636.800700 -4.413882e-07 9.972143e-07 5.303030e-08
1673191640.383793 1637.072000 -4.046326e-07 9.477470e-07 5.303030e-08
1673191643.641846 1637.343300 -3.737050e-07 9.031491e-07 5.303030e-08
1673191646.899836 1637.614600 -3.449189e-07 8.613553e-07 5.303030e-08
1673191650.148486 1637.886000 -3.201109e-07 8.204574e-07 5.303030e-08

1673191680.438970 1638.063000 -3.038528e-07 7.932056e-07 5.303030e-08
1673191683.696910 1637.773800 -3.271747e-07 8.330000e-07 5.303030e-08
1673191686.956562 1637.484500 -3.549245e-07 8.762212e-07 5.303030e-08
1673191690.216101 1637.195300 -3.865162e-07 9.229096e-07 5.303030e-08
1673191693.473330 1636.906000 -4.227823e-07 9.748166e-07 5.303030e-08
1673191696.731042 1636.616800 -4.639937e-07 1.028774e-06 5.303030e-08
1673191699.989936 1636.327500 -5.142255e-07 1.082214e-06 5.303030e-08
1673191703.246978 1636.038300 -5.681063e-07 1.143905e-06 5.303030e-08
1673191706.568000 1635.749000 -6.315233e-07 1.204686e-06 5.303030e-08
1673191709.826276 1635.459800 -7.017078e-07 1.277735e-06 5.303030e-08
1673191713.083447 1635.170700 -7.857764e-07 1.339032e-06 5.303030e-08
1673191716.342445 1634.881300 -8.817705e-07 1.401781e-06 5.303030e-08
1673191719.602068 1634.592200 -9.911779e-07 1.468028e-06 5.303030e-08
1673191722.859085 1634.302900 -1.112880e-06 1.531015e-06 5.303030e-08
1673191726.117093 1634.013700 -1.252724e-06 1.589563e-06 5.303030e-08
1673191729.375453 1633.724400 -1.404406e-06 1.648571e-06 5.303030e-08
1673191732.635025 1633.435200 -1.574913e-06 1.686417e-06 5.303030e-08
1673191735.893651 1633.145900 -1.759391e-06 1.709006e-06 5.303030e-08
1673191739.170647 1632.856700 -1.960693e-06 1.713318e-06 5.303030e-08
1673191742.428491 1632.567400 -2.171592e-06 1.692757e-06 5.303030e-08
1673191745.747293 1632.278200 -2.390084e-06 1.640530e-06 5.303030e-08
1673191749.006155 1631.989000 -2.610965e-06 1.579339e-06 5.303030e-08
1673191752.328137 1631.699700 -2.844976e-06 1.468892e-06 5.303030e-08
1673191755.587211 1631.410500 -3.082429e-06 1.295372e-06 5.303030e-08
1673191758.847178 1631.121200 -3.312538e-06 1.101119e-06 5.303030e-08
1673191762.106074 1630.832000 -3.534173e-06 8.581983e-07 5.303030e-08
1673191765.362211 1630.542700 -3.727832e-06 5.133400e-07 5.303030e-08
1673191768.684517 1630.253500 -3.877859e-06 7.140880e-08 5.303030e-08
1673191771.943701 1629.964200 -3.935521e-06 -5.473979e-07 5.303030e-08
1673191775.221271 1629.675000 -1.765262e-06 -1.903399e-06 5.303030e-08
1673191778.478124 1629.385700 -6.589519e-09 -1.141707e-06 5.303030e-08
1673191781.735119 1629.096600 9.368882e-08 -1.009385e-06 5.303030e-08
1673191784.990566 1628.807400 1.082466e-07 -9.241972e-07 5.303030e-08
1673191788.247125 1628.518100 1.125088e-07 -8.574341e-07 5.303030e-08
1673191791.511161 1628.228900 1.153761e-07 -8.008654e-07 5.303030e-08
1673191794.764215 1627.939600 1.176395e-07 -7.507806e-07 5.303030e-08
1673191798.444170 1627.650400 1.186269e-07 -7.086679e-07 5.303030e-08
1673191801.700284 1627.361100 1.179292e-07 -6.711716e-07 5.303030e-08
1673191804.985430 1627.071900 1.167537e-07 -6.380231e-07 5.303030e-08
1673191808.242448 1626.782600 1.157346e-07 -6.084786e-07 5.303030e-08
1673191811.563647 1626.493400 1.136916e-07 -5.826444e-07 5.303030e-08
1673191814.822348 1626.204100 1.114810e-07 -5.583034e-07 5.303030e-08
1673191818.081566 1625.914900 1.097487e-07 -5.361995e-07 5.303030e-08
1673191821.426656 1625.625700 1.076616e-07 -5.153713e-07 5.303030e-08
1673191824.682716 1625.336400 1.061014e-07 -4.967899e-07 5.303030e-08
1673191827.996713 1625.047200 1.042663e-07 -4.798936e-07 5.303030e-08
1673191831.250483 1624.757900 1.022020e-07 -4.632448e-07 5.303030e-08
1673191834.576445 1624.468800 1.008828e-07 -4.486389e-07 5.303030e-08
1673191837.832597 1624.179400 9.897080e-08 -4.340264e-07 5.303030e-08

1673191973.696615 1623.601000 1.025245e-07 -4.483288e-07 5.833334e-08
1673191976.948931 1623.890300 1.043792e-07 -4.615336e-07 5.833334e-08
1673191980.198701 1624.179400 1.054767e-07 -4.760721e-07 5.833334e-08
1673191983.456675 1624.468800 1.084576e-07 -4.910070e-07 5.833334e-08
1673191986.715803 1624.757900 1.100906e-07 -5.079397e-07 5.833334e-08
1673191989.974782 1625.047200 1.118395e-07 -5.250071e-07 5.833334e-08
1673191993.234293 1625.336400 1.138253e-07 -5.446104e-07 5.833334e-08
1673191996.568826 1625.625700 1.157721e-07 -5.649273e-07 5.833334e-08
1673191999.828763 1625.914900 1.185106e-07 -5.873499e-07 5.833334e-08
1673192003.086747 1626.204100 1.213938e-07 -6.110026e-07 5.833334e-08
1673192006.345764 1626.493400 1.223946e-07 -6.380263e-07 5.833334e-08
1673192009.605838 1626.782600 1.238297e-07 -6.684109e-07 5.833334e-08
1673192012.867009 1627.071900 1.249403e-07 -7.016503e-07 5.833334e-08
1673192016.126803 1627.361100 1.253863e-07 -7.379167e-07 5.833334e-08
1673192019.383754 1627.650400 1.244965e-07 -7.812137e-07 5.833334e-08
1673192022.643828 1627.939600 1.245032e-07 -8.291118e-07 5.833334e-08
1673192025.900991 1628.228900 1.218079e-07 -8.845366e-07 5.833334e-08
1673192029.160377 1628.518100 1.212249e-07 -9.470781e-07 5.833334e-08
1673192032.419842 1628.807400 1.149065e-07 -1.022314e-06 5.833334e-08
1673192035.679866 1629.096600 1.057971e-07 -1.113566e-06 5.833334e-08
1673192039.021889 1629.385700 8.431235e-08 -1.230768e-06 5.833334e-08
1673192042.279827 1629.675000 4.972290e-08 -1.391127e-06 5.833334e-08
1673192045.537885 1629.964200 -4.845877e-08 -1.655002e-06 5.833334e-08
1673192048.797079 1630.253500 -3.448618e-06 2.533540e-07 5.833334e-08
1673192052.055020 1630.542700 -3.745805e-06 1.003001e-06 5.833334e-08
1673192055.311202 1630.832000 -3.550096e-06 1.275690e-06 5.833334e-08
1673192058.570277 1631.121200 -3.320190e-06 1.477353e-06 5.833334e-08
1673192061.829431 1631.410500 -3.087920e-06 1.597650e-06 5.833334e-08
1673192065.087909 1631.699700 -2.856461e-06 1.697659e-06 5.833334e-08
1673192068.347361 1631.989000 -2.624885e-06 1.777260e-06 5.833334e-08
1673192071.607126 1632.278200 -2.397211e-06 1.828485e-06 5.833334e-08
1673192074.928974 1632.567400 -2.183867e-06 1.849907e-06 5.833334e-08
1673192078.187438 1632.856700 -1.976025e-06 1.848510e-06 5.833334e-08
1673192081.627458 1633.145900 -1.786886e-06 1.824144e-06 5.833334e-08
1673192084.886157 1633.435200 -1.607845e-06 1.790996e-06 5.833334e-08
1673192088.165996 1633.724400 -1.440906e-06 1.754810e-06 5.833334e-08
1673192091.424992 1634.013700 -1.291618e-06 1.693686e-06 5.833334e-08
1673192094.683998 1634.302900 -1.156285e-06 1.632299e-06 5.833334e-08
1673192097.942230 1634.592200 -1.035853e-06 1.559892e-06 5.833334e-08
1673192101.199478 1634.881300 -9.242941e-07 1.492005e-06 5.833334e-08
1673192104.503165 1635.170700 -8.302085e-07 1.416369e-06 5.833334e-08
1673192107.761816 1635.459800 -7.456489e-07 1.350831e-06 5.833334e-08
1673192111.096059 1635.749000 -6.742750e-07 1.280418e-06 5.833334e-08
1673192114.355573 1636.038300 -6.088840e-07 1.220367e-06 5.833334e-08
1673192117.666981 1636.327500 -5.517284e-07 1.160949e-06 5.833334e-08
1673192120.920444 1636.616800 -5.027378e-07 1.100928e-06 5.833334e-08
1673192124.284233 1636.906000 -4.585593e-07 1.048591e-06 5.833334e-08
1673192127.537133 1637.195300 -4.192700e-07 9.971192e-07 5.833334e-08
1673192130.789108 1637.484500 -3.858349e-07 9.470547e-07 5.833334e-08
1673192134.141116 1637.773800 -3.573193e-07 9.005840e-07 5.833334e-08

1673192167.864342 1638.160000 -3.208582e-07 8.440660e-07 5.833334e-08
1673192171.125273 1637.855300 -3.458351e-07 8.857736e-07 5.833334e-08
1673192174.386176 1637.550800 -3.748609e-07 9.329429e-07 5.833334e-08
1673192177.646207 1637.246100 -4.083622e-07 9.838424e-07 5.833334e-08
1673192180.898280 1636.941500 -4.490136e-07 1.038275e-06 5.833334e-08
1673192184.150400 1636.636800 -4.948437e-07 1.093791e-06 5.833334e-08
1673192187.500238 1636.332300 -5.461859e-07 1.155315e-06 5.833334e-08
1673192190.754358 1636.027700 -6.058015e-07 1.217644e-06 5.833334e-08
1673192194.031256 1635.723000 -6.739662e-07 1.283020e-06 5.833334e-08
1673192197.303344 1635.418500 -7.495412e-07 1.355310e-06 5.833334e-08
1673192200.625429 1635.113800 -8.376085e-07 1.424306e-06 5.833334e-08
1673192203.882359 1634.809200 -9.403040e-07 1.501399e-06 5.833334e-08
1673192207.143241 1634.504500 -1.059060e-06 1.577744e-06 5.833334e-08
1673192210.446528 1634.200000 -1.189205e-06 1.649584e-06 5.833334e-08
1673192213.707317 1633.895300 -1.335786e-06 1.715512e-06 5.833334e-08
1673192217.020615 1633.590700 -1.497921e-06 1.772921e-06 5.833334e-08
1673192220.280306 1633.286100 -1.678500e-06 1.813930e-06 5.833334e-08
1673192223.557537 1632.981400 -1.871835e-06 1.839329e-06 5.833334e-08
1673192226.818478 1632.676900 -2.082087e-06 1.857079e-06 5.833334e-08
1673192230.135358 1632.372200 -2.303418e-06 1.841929e-06 5.833334e-08
1673192233.386364 1632.067600 -2.535784e-06 1.805656e-06 5.833334e-08
1673192236.637626 1631.762900 -2.780439e-06 1.729199e-06 5.833334e-08
1673192240.005492 1631.458400 -3.020636e-06 1.635937e-06 5.833334e-08
1673192243.255577 1631.153700 -3.265570e-06 1.515184e-06 5.833334e-08
1673192246.579547 1630.849100 -3.509117e-06 1.324227e-06 5.833334e-08
1673192249.835428 1630.544600 -3.745765e-06 1.074472e-06 5.833334e-08
1673192253.099425 1630.239900 -3.967557e-06 7.553273e-07 5.833334e-08
1673192256.356391 1629.935300 -4.157703e-06 3.651072e-07 5.833334e-08
1673192259.680452 1629.630600 -4.274637e-06 -1.689565e-07 5.833334e-08
1673192262.931506 1629.326000 -4.270885e-06 -9.046544e-07 5.833334e-08
1673192266.183401 1629.021400 -3.582170e-07 -1.229357e-06 5.833334e-08
1673192269.527436 1628.716800 8.762230e-08 -1.037312e-06 5.833334e-08
1673192272.787505 1628.412100 1.163119e-07 -9.525298e-07 5.833334e-08
1673192276.109413 1628.107500 1.207813e-07 -8.862123e-07 5.833334e-08
1673192279.362839 1627.803000 1.234387e-07 -8.284338e-07 5.833334e-08
1673192282.629549 1627.498300 1.259847e-07 -7.772557e-07 5.833334e-08
1673192285.880717 1627.193700 1.245056e-07 -7.343789e-07 5.833334e-08
1673192289.202801 1626.889000 1.233798e-07 -6.968776e-07 5.833334e-08
1673192292.457628 1626.584500 1.215945e-07 -6.627776e-07 5.833334e-08
1673192295.709754 1626.279800 1.196301e-07 -6.334155e-07 5.833334e-08
1673192298.990770 1625.975200 1.176053e-07 -6.063311e-07 5.833334e-08
1673192302.248734 1625.670500 1.162559e-07 -5.808462e-07 5.833334e-08
1673192305.502682 1625.366000 1.142762e-07 -5.567634e-07 5.833334e-08
1673192308.754664 1625.061300 1.127582e-07 -5.357581e-07 5.833334e-08
1673192312.014593 1624.756700 1.105720e-07 -5.170102e-07 5.833334e-08
1673192315.274636 1624.452100 1.088500e-07 -4.986188e-07 5.833334e-08
1673192318.534547 1624.147500 1.067392e-07 -4.820789e-07 5.833334e-08
1673192321.786668 1623.842900 1.046345e-07 -4.661904e-07 5.833334e-08
1673192325.037647 1623.538200 1.032744e-07 -4.514530e-07 5.833334e-08
1673192328.291022 1623.233600 1.011262e-07 -4.379481e-07 5.833334e-08

1673192460.808012 1622.929000 1.063720e-07 -4.639502e-07 6.363637e-08
1673192464.058513 1623.233600 1.090137e-07 -4.763010e-07 6.363637e-08
1673192467.311127 1623.538200 1.100958e-07 -4.909437e-07 6.363637e-08
1673192470.571108 1623.842900 1.122444e-07 -5.071191e-07 6.363637e-08
1673192473.830062 1624.147500 1.139163e-07 -5.244800e-07 6.363637e-08
1673192477.101490 1624.452100 1.162502e-07 -5.421901e-07 6.363637e-08
1673192480.353211 1624.756700 1.178420e-07 -5.615857e-07 6.363637e-08
1673192483.786374 1625.061300 1.204553e-07 -5.836084e-07 6.363637e-08
1673192487.041616 1625.366000 1.223099e-07 -6.063447e-07 6.363637e-08
1673192490.358297 1625.670500 1.238865e-07 -6.305186e-07 6.363637e-08
1673192493.613085 1625.975200 1.259582e-07 -6.587165e-07 6.363637e-08
1673192496.862413 1626.279800 1.291010e-07 -6.889391e-07 6.363637e-08
1673192500.180601 1626.584500 1.303158e-07 -7.217178e-07 6.363637e-08
1673192503.434132 1626.889000 1.315381e-07 -7.588091e-07 6.363637e-08
1673192506.772184 1627.193700 1.310633e-07 -8.022275e-07 6.363637e-08
1673192510.032069 1627.498300 1.315841e-07 -8.502520e-07 6.363637e-08
1673192513.310098 1627.803000 1.318847e-07 -9.032118e-07 6.363637e-08
1673192516.567179 1628.107500 1.310044e-07 -9.655153e-07 6.363637e-08
1673192519.819234 1628.412100 1.278701e-07 -1.040716e-06 6.363637e-08
1673192523.137076 1628.716800 1.159534e-07 -1.131512e-06 6.363637e-08
1673192526.392214 1629.021400 1.014000e-07 -1.244179e-06 6.363637e-08
1673192529.644258 1629.326000 6.976539e-08 -1.397385e-06 6.363637e-08
1673192532.897392 1629.630600 2.940876e-09 -1.626471e-06 6.363637e-08
1673192536.158124 1629.935300 -5.463466e-07 -2.438674e-06 6.363637e-08
1673192539.443336 1630.239900 -3.746573e-06 9.938682e-07 6.363637e-08
1673192542.767221 1630.544600 -3.717692e-06 1.436179e-06 6.363637e-08
1673192546.137314 1630.849100 -3.483084e-06 1.633788e-06 6.363637e-08
1673192549.395230 1631.153700 -3.234632e-06 1.781929e-06 6.363637e-08
1673192552.719259 1631.458400 -2.992887e-06 1.859166e-06 6.363637e-08
1673192555.971276 1631.762900 -2.758684e-06 1.914304e-06 6.363637e-08
1673192559.231345 1632.067600 -2.522304e-06 1.967387e-06 6.363637e-08
1673192562.484420 1632.372200 -2.299439e-06 1.970763e-06 6.363637e-08
1673192565.742686 1632.676900 -2.080761e-06 1.985544e-06 6.363637e-08
1673192569.075696 1632.981400 -1.877844e-06 1.969758e-06 6.363637e-08
1673192572.328239 1633.286100 -1.696879e-06 1.911169e-06 6.363637e-08
1673192575.732332 1633.590700 -1.526347e-06 1.861277e-06 6.363637e-08
1673192578.985286 1633.895300 -1.368570e-06 1.805164e-06 6.363637e-08
1673192582.324402 1634.200000 -1.224607e-06 1.741084e-06 6.363637e-08
1673192585.587305 1634.504500 -1.094391e-06 1.672686e-06 6.363637e-08
1673192588.847322 1634.809200 -9.790770e-07 1.596949e-06 6.363637e-08
1673192592.107448 1635.113800 -8.760728e-07 1.520933e-06 6.363637e-08
1673192595.364497 1635.418500 -7.872969e-07 1.442316e-06 6.363637e-08
1673192598.625361 1635.723000 -7.063921e-07 1.371443e-06 6.363637e-08
1673192601.878453 1636.027700 -6.382122e-07 1.301182e-06 6.363637e-08
1673192605.210369 1636.332300 -5.762937e-07 1.236160e-06 6.363637e-08
1673192608.463405 1636.636800 -5.233748e-07 1.174469e-06 6.363637e-08
1673192611.780600 1636.941500 -4.780126e-07 1.112206e-06 6.363637e-08
1673192615.035597 1637.246100 -4.372524e-07 1.056361e-06 6.363637e-08
1673192618.291498 1637.550800 -4.008898e-07 1.003468e-06 6.363637e-08
1673192621.551736 1637.855300 -3.698491e-07 9.531603e-07 6.363637e-08

