1676475581.025548 3.765117e+03 -8.711022e-08 -3.257623e-07 1.399592e-06
1676475583.285910 3.773131e+03 -1.050416e-07 -3.325549e-07 1.399592e-06
1676475585.545838 3.781144e+03 -9.198004e-08 -3.412345e-07 1.399592e-06
1676475587.804786 3.789157e+03 -1.196346e-07 -3.564031e-07 1.399592e-06
1676475590.064193 3.797171e+03 -1.187637e-07 -3.686723e-07 1.399592e-06
1676475592.323211 3.805185e+03 -1.151837e-07 -3.914114e-07 1.399592e-06
1676475594.582423 3.813198e+03 -1.387881e-07 -4.096836e-07 1.399592e-06
1676475596.842599 3.821212e+03 -1.451681e-07 -4.282513e-07 1.399592e-06
1676475599.101396 3.829225e+03 -1.442301e-07 -4.459954e-07 1.399592e-06
1676475601.360721 3.837239e+03 -1.676775e-07 -4.661456e-07 1.399592e-06
1676475603.619552 3.845252e+03 -1.842728e-07 -4.965333e-07 1.399592e-06
1676475605.877751 3.853266e+03 -2.007466e-07 -5.246171e-07 1.399592e-06
1676475608.135597 3.861279e+03 -2.198275e-07 -5.655423e-07 1.399592e-06
1676475610.394910 3.869293e+03 -2.532213e-07 -5.890661e-07 1.399592e-06
1676475612.653507 3.877306e+03 -2.886581e-07 -6.392178e-07 1.399592e-06
1676475614.911778 3.885320e+03 -3.287584e-07 -6.940391e-07 1.399592e-06
1676475617.170621 3.893333e+03 -3.801327e-07 -7.411234e-07 1.399592e-06
1676475619.428244 3.901347e+03 -4.671845e-07 -7.890027e-07 1.399592e-06
1676475621.686544 3.909360e+03 -5.472268e-07 -8.471780e-07 1.399592e-06
1676475623.944719 3.917374e+03 -6.597501e-07 -9.087778e-07 1.399592e-06
1676475626.204433 3.925387e+03 -8.238134e-07 -9.425211e-07 1.399592e-06
1676475628.462525 3.933401e+03 -1.028270e-06 -9.691680e-07 1.399592e-06
1676475630.721584 3.941415e+03 -1.305763e-06 -9.380603e-07 1.399592e-06
1676475632.980261 3.949428e+03 -1.591493e-06 -7.974572e-07 1.399592e-06
1676475635.239675 3.957441e+03 -1.881924e-06 -4.973786e-07 1.399592e-06
1676475637.497800 3.965455e+03 -2.006830e-06 -7.078428e-08 1.399592e-06
1676475639.755713 3.973468e+03 -1.951826e-06 4.097176e-07 1.399592e-06
1676475642.014854 3.981482e+03 -1.706036e-06 7.652872e-07 1.399592e-06
1676475644.273729 3.989496e+03 -1.391925e-06 9.540403e-07 1.399592e-06
1676475646.533420 3.997509e+03 -1.099543e-06 1.009064e-06 1.399592e-06
1676475648.793699 4.005523e+03 -8.612597e-07 1.002052e-06 1.399592e-06
1676475651.051877 4.013536e+03 -6.773154e-07 9.646230e-07 1.399592e-06
1676475653.311810 4.021550e+03 -5.280422e-07 9.055415e-07 1.399592e-06
1676475655.569858 4.029563e+03 -4.422699e-07 8.362705e-07 1.399592e-06
1676475657.828645 4.037577e+03 -3.617687e-07 7.652970e-07 1.399592e-06
1676475660.087213 4.045590e+03 -3.026589e-07 7.363490e-07 1.399592e-06
1676475662.346356 4.053604e+03 -2.671247e-07 6.817765e-07 1.399592e-06
1676475664.604658 4.061617e+03 -2.209014e-07 6.353100e-07 1.399592e-06
1676475666.863225 4.069631e+03 -1.782152e-07 5.846584e-07 1.399592e-06
1676475669.123043 4.077644e+03 -1.651359e-07 5.449584e-07 1.399592e-06
1676475671.381733 4.085658e+03 -1.694056e-07 5.242273e-07 1.399592e-06
1676475673.640762 4.093671e+03 -1.456015e-07 4.870938e-07 1.399592e-06
1676475675.899562 4.101685e+03 -1.178324e-07 4.688527e-07 1.399592e-06
1676475678.158898 4.109698e+03 -1.126922e-07 4.550456e-07 1.399592e-06
1676475680.417757 4.117712e+03 -1.020848e-07 4.167180e-07 1.399592e-06
1676475682.676988 4.125726e+03 -1.028410e-07 3.931309e-07 1.399592e-06
1676475684.935737 4.133739e+03 -8.684680e-08 3.682688e-07 1.399592e-06
1676475687.195145 4.141752e+03 -8.158146e-08 3.623156e-07 1.399592e-06
1676475689.455428 4.149766e+03 -7.332992e-08 3.422370e-07 1.399592e-06
1676475691.714184 4.157779e+03 -6.568633e-08 3.283849e-07 1.399592e-06

1676475697.271186 4.165013e+03 -5.933011e-08 3.214670e-07 1.399592e-06
1676475699.650776 4.157123e+03 -6.554766e-08 3.310982e-07 1.399592e-06
1676475701.911234 4.149233e+03 -7.716987e-08 3.397694e-07 1.399592e-06
1676475704.170647 4.141343e+03 -9.412518e-08 3.574916e-07 1.399592e-06
1676475706.428386 4.133453e+03 -9.818798e-08 3.773962e-07 1.399592e-06
1676475708.687832 4.125564e+03 -8.550042e-08 3.854284e-07 1.399592e-06
1676475710.947284 4.117673e+03 -9.326477e-08 4.031190e-07 1.399592e-06
1676475713.206387 4.109784e+03 -1.124552e-07 4.301861e-07 1.399592e-06
1676475715.465129 4.101894e+03 -1.204923e-07 4.563442e-07 1.399592e-06
1676475717.724722 4.094004e+03 -1.380600e-07 4.784703e-07 1.399592e-06
1676475719.982579 4.086114e+03 -1.582022e-07 5.127480e-07 1.399592e-06
1676475722.241889 4.078224e+03 -1.676649e-07 5.333140e-07 1.399592e-06
1676475724.500136 4.070334e+03 -1.838117e-07 5.636346e-07 1.399592e-06
1676475726.759700 4.062444e+03 -1.940530e-07 6.036857e-07 1.399592e-06
1676475729.018371 4.054554e+03 -2.408748e-07 6.531492e-07 1.399592e-06
1676475731.276969 4.046664e+03 -2.960696e-07 6.976583e-07 1.399592e-06
1676475733.536457 4.038774e+03 -3.384333e-07 7.616538e-07 1.399592e-06
1676475735.795638 4.030884e+03 -3.926051e-07 8.213308e-07 1.399592e-06
1676475738.054472 4.022994e+03 -4.921413e-07 8.890853e-07 1.399592e-06
1676475740.313838 4.015104e+03 -6.071036e-07 9.337023e-07 1.399592e-06
1676475742.573072 4.007215e+03 -7.613208e-07 9.956098e-07 1.399592e-06
1676475744.832623 3.999325e+03 -9.651416e-07 1.034000e-06 1.399592e-06
1676475747.091395 3.991435e+03 -1.227930e-06 1.012040e-06 1.399592e-06
1676475749.350855 3.983545e+03 -1.530252e-06 8.867338e-07 1.399592e-06
1676475751.611112 3.975655e+03 -1.826516e-06 6.292702e-07 1.399592e-06
1676475753.869765 3.967765e+03 -2.005705e-06 2.122291e-07 1.399592e-06
1676475756.129448 3.959875e+03 -1.971279e-06 -2.522375e-07 1.399592e-06
1676475758.388781 3.951985e+03 -1.764579e-06 -6.296440e-07 1.399592e-06
1676475760.647435 3.944095e+03 -1.483947e-06 -8.488096e-07 1.399592e-06
1676475762.906405 3.936205e+03 -1.202047e-06 -9.499312e-07 1.399592e-06
1676475765.165624 3.928315e+03 -9.495602e-07 -9.538528e-07 1.399592e-06
1676475767.423805 3.920425e+03 -7.588044e-07 -9.260045e-07 1.399592e-06
1676475769.682661 3.912536e+03 -6.156676e-07 -8.907446e-07 1.399592e-06
1676475771.942315 3.904646e+03 -5.162828e-07 -8.302998e-07 1.399592e-06
1676475774.201805 3.896756e+03 -4.478670e-07 -7.765359e-07 1.399592e-06
1676475776.460653 3.888866e+03 -3.774953e-07 -7.198321e-07 1.399592e-06
1676475778.719549 3.880976e+03 -3.182085e-07 -6.842558e-07 1.399592e-06
1676475780.977777 3.873086e+03 -2.840722e-07 -6.339120e-07 1.399592e-06
1676475783.237783 3.865196e+03 -2.555323e-07 -6.029257e-07 1.399592e-06
1676475785.496356 3.857306e+03 -2.252450e-07 -5.565120e-07 1.399592e-06
1676475787.755708 3.849416e+03 -1.785057e-07 -5.363407e-07 1.399592e-06
1676475790.015686 3.841526e+03 -1.821214e-07 -4.930289e-07 1.399592e-06
1676475792.274744 3.833637e+03 -1.677176e-07 -4.697002e-07 1.399592e-06
1676475794.534286 3.825746e+03 -1.463220e-07 -4.790234e-07 1.399592e-06
1676475796.792871 3.817856e+03 -1.370183e-07 -4.447342e-07 1.399592e-06
1676475799.051289 3.809967e+03 -1.307947e-07 -4.183260e-07 1.399592e-06
1676475801.310881 3.802077e+03 -1.165782e-07 -4.051988e-07 1.399592e-06
1676475803.569249 3.794187e+03 -1.145746e-07 -3.934787e-07 1.399592e-06
1676475805.828825 3.786297e+03 -1.143904e-07 -3.693190e-07 1.399592e-06
1676475808.087257 3.778407e+03 -1.077198e-07 -3.459378e-07 1.399592e-06
1676475810.347881 3.770517e+03 -9.066024e-08 -3.435207e-07 1.399592e-06

1676475813.647121 3.765552e+03 -1.056711e-07 -3.252792e-07 1.399592e-06
1676475815.905886 3.773555e+03 -9.994993e-08 -3.315888e-07 1.399592e-06
1676475818.166032 3.781558e+03 -1.036657e-07 -3.573534e-07 1.399592e-06
1676475820.424981 3.789561e+03 -1.038542e-07 -3.589065e-07 1.399592e-06
1676475822.685124 3.797564e+03 -1.166224e-07 -3.816771e-07 1.399592e-06
1676475824.944767 3.805567e+03 -1.311117e-07 -3.929713e-07 1.399592e-06
1676475827.203044 3.813570e+03 -1.362803e-07 -4.229060e-07 1.399592e-06
1676475829.463290 3.821573e+03 -1.586368e-07 -4.344192e-07 1.399592e-06
1676475831.721315 3.829576e+03 -1.625587e-07 -4.573638e-07 1.399592e-06
1676475833.979816 3.837579e+03 -1.801320e-07 -4.793741e-07 1.399592e-06
1676475836.238619 3.845582e+03 -1.730393e-07 -5.027462e-07 1.399592e-06
1676475838.496997 3.853585e+03 -2.059412e-07 -5.335495e-07 1.399592e-06
1676475840.755293 3.861588e+03 -2.299480e-07 -5.797127e-07 1.399592e-06
1676475843.013532 3.869592e+03 -2.534268e-07 -6.216550e-07 1.399592e-06
1676475845.272539 3.877595e+03 -2.836211e-07 -6.526952e-07 1.399592e-06
1676475847.532767 3.885598e+03 -3.199249e-07 -6.949015e-07 1.399592e-06
1676475849.790364 3.893601e+03 -3.882147e-07 -7.393083e-07 1.399592e-06
1676475852.049551 3.901604e+03 -4.532600e-07 -8.018021e-07 1.399592e-06
1676475854.308427 3.909607e+03 -5.630203e-07 -8.567764e-07 1.399592e-06
1676475856.567763 3.917610e+03 -6.764616e-07 -9.123898e-07 1.399592e-06
1676475858.827207 3.925613e+03 -8.173979e-07 -9.524901e-07 1.399592e-06
1676475861.085123 3.933616e+03 -1.028882e-06 -9.680670e-07 1.399592e-06
1676475863.344457 3.941619e+03 -1.298571e-06 -9.370148e-07 1.399592e-06
1676475865.604025 3.949622e+03 -1.600268e-06 -7.831022e-07 1.399592e-06
1676475867.863196 3.957625e+03 -1.882449e-06 -4.889831e-07 1.399592e-06
1676475870.122939 3.965628e+03 -2.018710e-06 -5.077949e-08 1.399592e-06
1676475872.381497 3.973631e+03 -1.950236e-06 4.119572e-07 1.399592e-06
1676475874.641240 3.981634e+03 -1.699451e-06 7.556048e-07 1.399592e-06
1676475876.900597 3.989637e+03 -1.393526e-06 9.618673e-07 1.399592e-06
1676475879.159684 3.997640e+03 -1.084151e-06 1.011285e-06 1.399592e-06
1676475881.418712 4.005643e+03 -8.644562e-07 1.018685e-06 1.399592e-06
1676475883.677842 4.013646e+03 -6.917005e-07 9.586784e-07 1.399592e-06
1676475885.938006 4.021649e+03 -5.383502e-07 9.073655e-07 1.399592e-06
1676475888.197616 4.029652e+03 -4.398745e-07 8.486485e-07 1.399592e-06
1676475890.455674 4.037655e+03 -3.674462e-07 7.698075e-07 1.399592e-06
1676475892.716143 4.045658e+03 -3.181704e-07 7.266965e-07 1.399592e-06
1676475894.974769 4.053661e+03 -2.505347e-07 6.788215e-07 1.399592e-06
1676475897.235242 4.061665e+03 -2.161764e-07 6.205890e-07 1.399592e-06
1676475899.493938 4.069668e+03 -2.046707e-07 5.936569e-07 1.399592e-06
1676475901.753330 4.077671e+03 -1.747599e-07 5.531979e-07 1.399592e-06
1676475904.012468 4.085674e+03 -1.519576e-07 5.268328e-07 1.399592e-06
1676475906.271239 4.093677e+03 -1.303174e-07 4.802087e-07 1.399592e-06
1676475908.529997 4.101680e+03 -1.135408e-07 4.649272e-07 1.399592e-06
1676475910.788777 4.109683e+03 -1.100726e-07 4.352546e-07 1.399592e-06
1676475913.047746 4.117685e+03 -1.078515e-07 4.199010e-07 1.399592e-06
1676475915.306536 4.125689e+03 -8.863874e-08 3.938494e-07 1.399592e-06
1676475917.565741 4.133692e+03 -9.823270e-08 3.873698e-07 1.399592e-06
1676475919.825401 4.141695e+03 -7.756251e-08 3.685646e-07 1.399592e-06
1676475922.084820 4.149698e+03 -8.175647e-08 3.485310e-07 1.399592e-06
1676475924.343461 4.157701e+03 -7.412622e-08 3.304728e-07 1.399592e-06

1676475929.900554 4.167702e+03 -7.038099e-08 3.153431e-07 1.399592e-06
1676475932.158987 4.159707e+03 -7.318319e-08 3.201728e-07 1.399592e-06
1676475934.418421 4.151712e+03 -7.339714e-08 3.368495e-07 1.399592e-06
1676475936.677823 4.143718e+03 -7.936434e-08 3.604921e-07 1.399592e-06
1676475938.937573 4.135723e+03 -8.171053e-08 3.678927e-07 1.399592e-06
1676475941.196862 4.127728e+03 -9.306902e-08 3.878739e-07 1.399592e-06
1676475943.456566 4.119733e+03 -9.523640e-08 3.983810e-07 1.399592e-06
1676475945.715945 4.111739e+03 -1.103947e-07 4.320901e-07 1.399592e-06
1676475947.974540 4.103744e+03 -1.051546e-07 4.476012e-07 1.399592e-06
1676475950.233076 4.095749e+03 -1.195618e-07 4.787348e-07 1.399592e-06
1676475952.492632 4.087754e+03 -1.409696e-07 4.959258e-07 1.399592e-06
1676475954.752057 4.079760e+03 -1.751801e-07 5.367029e-07 1.399592e-06
1676475957.010770 4.071765e+03 -1.854709e-07 5.650285e-07 1.399592e-06
1676475959.270111 4.063770e+03 -2.060201e-07 6.034805e-07 1.399592e-06
1676475961.529602 4.055775e+03 -2.377414e-07 6.516780e-07 1.399592e-06
1676475963.789211 4.047780e+03 -2.704587e-07 6.944890e-07 1.399592e-06
1676475966.046683 4.039785e+03 -3.348979e-07 7.526735e-07 1.399592e-06
1676475968.306272 4.031791e+03 -3.960252e-07 8.108565e-07 1.399592e-06
1676475970.565669 4.023796e+03 -4.742509e-07 8.727025e-07 1.399592e-06
1676475972.825086 4.015801e+03 -5.991641e-07 9.232595e-07 1.399592e-06
1676475975.082715 4.007806e+03 -7.426669e-07 9.978269e-07 1.399592e-06
1676475977.341427 3.999811e+03 -9.550526e-07 1.033163e-06 1.399592e-06
1676475979.600721 3.991817e+03 -1.211390e-06 1.019384e-06 1.399592e-06
1676475981.860235 3.983822e+03 -1.519617e-06 9.000778e-07 1.399592e-06
1676475984.119423 3.975827e+03 -1.816496e-06 6.308887e-07 1.399592e-06
1676475986.378837 3.967832e+03 -2.006980e-06 2.133826e-07 1.399592e-06
1676475988.638677 3.959838e+03 -1.973649e-06 -2.615495e-07 1.399592e-06
1676475990.898493 3.951843e+03 -1.753449e-06 -6.453491e-07 1.399592e-06
1676475993.156834 3.943848e+03 -1.483130e-06 -8.621852e-07 1.399592e-06
1676475995.415540 3.935853e+03 -1.186220e-06 -9.520178e-07 1.399592e-06
1676475997.676071 3.927859e+03 -9.383612e-07 -9.583200e-07 1.399592e-06
1676475999.935710 3.919864e+03 -7.596504e-07 -9.279952e-07 1.399592e-06
1676476002.194173 3.911869e+03 -6.201735e-07 -8.750368e-07 1.399592e-06
1676476004.452810 3.903874e+03 -5.090993e-07 -8.267015e-07 1.399592e-06
1676476006.712090 3.895879e+03 -4.428570e-07 -7.718922e-07 1.399592e-06
1676476008.970773 3.887885e+03 -3.741772e-07 -7.312234e-07 1.399592e-06
1676476011.228489 3.879890e+03 -3.295634e-07 -6.723281e-07 1.399592e-06
1676476013.487881 3.871895e+03 -2.663825e-07 -6.366663e-07 1.399592e-06
1676476015.746635 3.863900e+03 -2.492697e-07 -6.014606e-07 1.399592e-06
1676476018.006135 3.855905e+03 -2.172379e-07 -5.616768e-07 1.399592e-06
1676476020.265550 3.847911e+03 -2.101436e-07 -5.182841e-07 1.399592e-06
1676476022.524766 3.839916e+03 -1.872992e-07 -5.001514e-07 1.399592e-06
1676476024.783910 3.831921e+03 -1.554069e-07 -4.705857e-07 1.399592e-06
1676476027.042641 3.823927e+03 -1.485346e-07 -4.373870e-07 1.399592e-06
1676476029.301693 3.815932e+03 -1.420249e-07 -4.243093e-07 1.399592e-06
1676476031.562045 3.807937e+03 -1.171286e-07 -4.029831e-07 1.399592e-06
1676476033.822357 3.799942e+03 -1.071857e-07 -3.815865e-07 1.399592e-06
1676476036.081777 3.791947e+03 -1.136668e-07 -3.731003e-07 1.399592e-06
1676476038.341642 3.783953e+03 -1.140953e-07 -3.615602e-07 1.399592e-06
1676476040.599819 3.775958e+03 -9.340118e-08 -3.399340e-07 1.399592e-06
1676476042.859081 3.767963e+03 -8.833092e-08 -3.374555e-07 1.399592e-06

1676476046.159463 3.765824e+03 -8.058349e-08 -3.316901e-07 1.399592e-06
1676476048.418297 3.773817e+03 -8.193001e-08 -3.416522e-07 1.399592e-06
1676476050.676720 3.781810e+03 -1.058427e-07 -3.465803e-07 1.399592e-06
1676476052.935296 3.789802e+03 -1.015475e-07 -3.637754e-07 1.399592e-06
1676476055.194647 3.797795e+03 -1.129031e-07 -3.738711e-07 1.399592e-06
1676476057.454141 3.805788e+03 -1.272940e-07 -4.106338e-07 1.399592e-06
1676476059.712647 3.813781e+03 -1.409116e-07 -4.161379e-07 1.399592e-06
1676476061.971627 3.821774e+03 -1.337733e-07 -4.523141e-07 1.399592e-06
1676476064.230255 3.829767e+03 -1.510477e-07 -4.541178e-07 1.399592e-06
1676476066.489131 3.837760e+03 -1.621935e-07 -4.800625e-07 1.399592e-06
1676476068.747606 3.845752e+03 -1.833924e-07 -5.176682e-07 1.399592e-06
1676476071.006975 3.853745e+03 -2.110772e-07 -5.282514e-07 1.399592e-06
1676476073.266529 3.861738e+03 -2.424835e-07 -5.629622e-07 1.399592e-06
1676476075.524804 3.869731e+03 -2.581113e-07 -6.088975e-07 1.399592e-06
1676476077.784265 3.877724e+03 -2.836391e-07 -6.499277e-07 1.399592e-06
1676476080.044149 3.885717e+03 -3.367475e-07 -6.813880e-07 1.399592e-06
1676476082.303413 3.893709e+03 -3.759972e-07 -7.451238e-07 1.399592e-06
1676476084.562866 3.901702e+03 -4.544436e-07 -7.942826e-07 1.399592e-06
1676476086.822640 3.909695e+03 -5.578798e-07 -8.474014e-07 1.399592e-06
1676476089.082676 3.917688e+03 -6.827062e-07 -9.021477e-07 1.399592e-06
1676476091.342347 3.925681e+03 -8.312564e-07 -9.579530e-07 1.399592e-06
1676476093.601718 3.933674e+03 -1.032964e-06 -9.791669e-07 1.399592e-06
1676476095.860487 3.941666e+03 -1.289308e-06 -9.321143e-07 1.399592e-06
1676476098.119000 3.949659e+03 -1.598438e-06 -7.881811e-07 1.399592e-06
1676476100.378345 3.957652e+03 -1.867614e-06 -4.912495e-07 1.399592e-06
1676476102.637029 3.965645e+03 -2.013985e-06 -5.045308e-08 1.399592e-06
1676476104.895298 3.973638e+03 -1.944056e-06 4.080016e-07 1.399592e-06
1676476107.154673 3.981631e+03 -1.696811e-06 7.639732e-07 1.399592e-06
1676476109.413403 3.989624e+03 -1.392533e-06 9.522163e-07 1.399592e-06
1676476111.672448 3.997617e+03 -1.088957e-06 1.026284e-06 1.399592e-06
1676476113.931467 4.005609e+03 -8.554037e-07 1.005086e-06 1.399592e-06
1676476116.190812 4.013602e+03 -6.789910e-07 9.605069e-07 1.399592e-06
1676476118.449148 4.021595e+03 -5.356457e-07 9.110075e-07 1.399592e-06
1676476120.708733 4.029588e+03 -4.501644e-07 8.594755e-07 1.399592e-06
1676476122.966743 4.037581e+03 -3.688907e-07 7.886280e-07 1.399592e-06
1676476125.226307 4.045573e+03 -3.068425e-07 7.163750e-07 1.399592e-06
1676476127.486447 4.053566e+03 -2.661092e-07 6.597385e-07 1.399592e-06
1676476129.745697 4.061559e+03 -2.283759e-07 6.266999e-07 1.399592e-06
1676476132.005834 4.069552e+03 -1.950947e-07 5.798119e-07 1.399592e-06
1676476134.264660 4.077545e+03 -1.639914e-07 5.578329e-07 1.399592e-06
1676476136.523172 4.085538e+03 -1.555966e-07 5.152063e-07 1.399592e-06
1676476138.782217 4.093530e+03 -1.472822e-07 4.853732e-07 1.399592e-06
1676476141.041472 4.101523e+03 -1.176401e-07 4.719726e-07 1.399592e-06
1676476143.300441 4.109516e+03 -1.012124e-07 4.374506e-07 1.399592e-06
1676476145.559018 4.117509e+03 -9.741331e-08 4.125839e-07 1.399592e-06
1676476147.817676 4.125502e+03 -9.806217e-08 4.039488e-07 1.399592e-06
1676476150.077982 4.133495e+03 -9.808073e-08 3.734452e-07 1.399592e-06
1676476152.336937 4.141487e+03 -8.868919e-08 3.564236e-07 1.399592e-06
1676476154.595258 4.149480e+03 -6.819344e-08 3.488699e-07 1.399592e-06
1676476156.854775 4.157473e+03 -6.533305e-08 3.360828e-07 1.399592e-06

1676476163.432966 4.167670e+03 -7.836504e-08 3.092456e-07 1.399592e-06
1676476165.691843 4.159679e+03 -8.033579e-08 3.239063e-07 1.399592e-06
1676476167.950774 4.151688e+03 -7.869004e-08 3.398180e-07 1.399592e-06
1676476170.210422 4.143696e+03 -7.478214e-08 3.507961e-07 1.399592e-06
1676476172.470327 4.135705e+03 -8.533152e-08 3.669492e-07 1.399592e-06
1676476174.729710 4.127713e+03 -1.029485e-07 3.940163e-07 1.399592e-06
1676476176.988887 4.119722e+03 -1.131401e-07 4.113950e-07 1.399592e-06
1676476179.248732 4.111730e+03 -1.126745e-07 4.278346e-07 1.399592e-06
1676476181.506811 4.103739e+03 -1.154544e-07 4.520982e-07 1.399592e-06
1676476183.766593 4.095748e+03 -1.292178e-07 4.680773e-07 1.399592e-06
1676476186.025164 4.087756e+03 -1.391502e-07 5.035383e-07 1.399592e-06
1676476188.284363 4.079765e+03 -1.576976e-07 5.379764e-07 1.399592e-06
1676476190.543084 4.071774e+03 -1.873654e-07 5.682475e-07 1.399592e-06
1676476192.803179 4.063782e+03 -2.153096e-07 5.976920e-07 1.399592e-06
1676476195.061925 4.055791e+03 -2.534629e-07 6.421740e-07 1.399592e-06
1676476197.321702 4.047800e+03 -2.757251e-07 6.881860e-07 1.399592e-06
1676476199.582898 4.039808e+03 -3.254569e-07 7.489716e-07 1.399592e-06
1676476201.842408 4.031817e+03 -3.967752e-07 8.097615e-07 1.399592e-06
1676476204.100971 4.023825e+03 -4.846264e-07 8.796941e-07 1.399592e-06
1676476206.360139 4.015834e+03 -5.860842e-07 9.228890e-07 1.399592e-06
1676476208.618789 4.007843e+03 -7.479514e-07 9.924269e-07 1.399592e-06
1676476210.877481 3.999851e+03 -9.439167e-07 1.024759e-06 1.399592e-06
1676476213.135840 3.991860e+03 -1.210854e-06 1.008785e-06 1.399592e-06
1676476215.394370 3.983869e+03 -1.538127e-06 8.979583e-07 1.399592e-06
1676476217.652635 3.975877e+03 -1.827896e-06 6.352792e-07 1.399592e-06
1676476219.911048 3.967886e+03 -2.016100e-06 2.255911e-07 1.399592e-06
1676476222.168857 3.959894e+03 -1.985949e-06 -2.460050e-07 1.399592e-06
1676476224.428487 3.951903e+03 -1.756389e-06 -6.330460e-07 1.399592e-06
1676476226.687108 3.943912e+03 -1.461998e-06 -8.497307e-07 1.399592e-06
1676476228.947096 3.935921e+03 -1.174097e-06 -9.472928e-07 1.399592e-06
1676476231.205963 3.927929e+03 -9.454562e-07 -9.723389e-07 1.399592e-06
1676476233.464822 3.919938e+03 -7.727709e-07 -9.310611e-07 1.399592e-06
1676476235.724581 3.911947e+03 -6.069781e-07 -8.802673e-07 1.399592e-06
1676476237.984599 3.903955e+03 -5.053748e-07 -8.337289e-07 1.399592e-06
1676476240.244760 3.895964e+03 -4.285740e-07 -7.705152e-07 1.399592e-06
1676476242.503635 3.887972e+03 -3.530152e-07 -7.370974e-07 1.399592e-06
1676476244.763323 3.879981e+03 -3.054899e-07 -6.547601e-07 1.399592e-06
1676476247.022651 3.871990e+03 -2.650325e-07 -6.320388e-07 1.399592e-06
1676476249.282201 3.863998e+03 -2.470242e-07 -5.929045e-07 1.399592e-06
1676476251.540796 3.856007e+03 -2.235049e-07 -5.537103e-07 1.399592e-06
1676476253.800220 3.848016e+03 -1.986761e-07 -5.151505e-07 1.399592e-06
1676476256.058745 3.840024e+03 -1.782857e-07 -4.918354e-07 1.399592e-06
1676476258.317618 3.832033e+03 -1.595679e-07 -4.615211e-07 1.399592e-06
1676476260.576440 3.824041e+03 -1.516546e-07 -4.396264e-07 1.399592e-06
1676476262.836314 3.816050e+03 -1.296643e-07 -4.178413e-07 1.399592e-06
1676476265.094838 3.808059e+03 -1.209688e-07 -3.996396e-07 1.399592e-06
1676476267.354328 3.800067e+03 -1.148346e-07 -3.857624e-07 1.399592e-06
1676476269.613653 3.792076e+03 -1.222857e-07 -3.633458e-07 1.399592e-06
1676476271.871487 3.784085e+03 -1.056598e-07 -3.562711e-07 1.399592e-06
1676476274.130906 3.776093e+03 -1.003570e-07 -3.347755e-07 1.399592e-06
1676476276.389621 3.768102e+03 -9.403498e-08 -3.314434e-07 1.399592e-06

1676476279.687037 3.767038e+03 -8.679752e-08 -3.433567e-07 1.399592e-06
1676476281.945615 3.774980e+03 -9.786688e-08 -3.495374e-07 1.399592e-06
1676476284.205182 3.782922e+03 -1.125841e-07 -3.514430e-07 1.399592e-06
1676476286.464741 3.790865e+03 -1.309581e-07 -3.756251e-07 1.399592e-06
1676476288.724046 3.798807e+03 -1.304896e-07 -3.859728e-07 1.399592e-06
1676476290.981729 3.806749e+03 -1.314739e-07 -4.060915e-07 1.399592e-06
1676476293.241168 3.814691e+03 -1.337993e-07 -4.059857e-07 1.399592e-06
1676476295.499956 3.822633e+03 -1.518554e-07 -4.427393e-07 1.399592e-06
1676476297.759204 3.830576e+03 -1.476903e-07 -4.600726e-07 1.399592e-06
1676476300.018779 3.838518e+03 -1.624081e-07 -4.874423e-07 1.399592e-06
1676476302.278079 3.846460e+03 -1.890114e-07 -5.178075e-07 1.399592e-06
1676476304.537954 3.854402e+03 -2.165762e-07 -5.324632e-07 1.399592e-06
1676476306.796655 3.862345e+03 -2.341496e-07 -5.614995e-07 1.399592e-06
1676476309.055000 3.870287e+03 -2.641789e-07 -6.117308e-07 1.399592e-06
1676476311.314469 3.878229e+03 -2.878182e-07 -6.449296e-07 1.399592e-06
1676476313.573776 3.886171e+03 -3.367700e-07 -6.870879e-07 1.399592e-06
1676476315.833153 3.894113e+03 -3.969553e-07 -7.344227e-07 1.399592e-06
1676476318.091626 3.902056e+03 -4.703496e-07 -7.927000e-07 1.399592e-06
1676476320.351235 3.909998e+03 -5.663729e-07 -8.550138e-07 1.399592e-06
1676476322.609505 3.917940e+03 -6.708277e-07 -9.085856e-07 1.399592e-06
1676476324.868644 3.925882e+03 -8.401440e-07 -9.402500e-07 1.399592e-06
1676476327.127556 3.933825e+03 -1.038271e-06 -9.746519e-07 1.399592e-06
1676476329.387113 3.941767e+03 -1.304337e-06 -9.375908e-07 1.399592e-06
1676476331.645635 3.949709e+03 -1.611758e-06 -7.717172e-07 1.399592e-06
1676476333.906030 3.957651e+03 -1.859949e-06 -4.967035e-07 1.399592e-06
1676476336.165535 3.965593e+03 -2.014435e-06 -6.727950e-08 1.399592e-06
1676476338.423744 3.973536e+03 -1.940696e-06 3.949291e-07 1.399592e-06
1676476340.682627 3.981478e+03 -1.695866e-06 7.489342e-07 1.399592e-06
1676476342.941989 3.989420e+03 -1.396284e-06 9.479878e-07 1.399592e-06
1676476345.201486 3.997362e+03 -1.100263e-06 1.034687e-06 1.399592e-06
1676476347.460637 4.005305e+03 -8.648642e-07 1.020380e-06 1.399592e-06
1676476349.720105 4.013247e+03 -6.817134e-07 9.708373e-07 1.399592e-06
1676476351.979121 4.021189e+03 -5.509667e-07 9.139309e-07 1.399592e-06
1676476354.238705 4.029131e+03 -4.467189e-07 8.434269e-07 1.399592e-06
1676476356.497773 4.037073e+03 -3.737266e-07 7.870754e-07 1.399592e-06
1676476358.756614 4.045016e+03 -3.191844e-07 7.228698e-07 1.399592e-06
1676476361.015784 4.052958e+03 -2.611966e-07 6.815393e-07 1.399592e-06
1676476363.274657 4.060900e+03 -2.218404e-07 6.300928e-07 1.399592e-06
1676476365.534200 4.068842e+03 -1.973656e-07 5.996867e-07 1.399592e-06
1676476367.793721 4.076785e+03 -1.630748e-07 5.623567e-07 1.399592e-06
1676476370.053376 4.084727e+03 -1.636785e-07 5.212451e-07 1.399592e-06
1676476372.311729 4.092669e+03 -1.353419e-07 4.917120e-07 1.399592e-06
1676476374.570300 4.100611e+03 -1.205055e-07 4.567594e-07 1.399592e-06
1676476376.829436 4.108553e+03 -1.151151e-07 4.395008e-07 1.399592e-06
1676476379.088353 4.116496e+03 -9.094461e-08 4.346667e-07 1.399592e-06
1676476381.348651 4.124438e+03 -1.020854e-07 4.063846e-07 1.399592e-06
1676476383.607451 4.132380e+03 -8.437453e-08 3.798140e-07 1.399592e-06
1676476385.865889 4.140322e+03 -7.308324e-08 3.736928e-07 1.399592e-06
1676476388.124551 4.148265e+03 -6.655264e-08 3.592062e-07 1.399592e-06
1676476390.383789 4.156207e+03 -8.142179e-08 3.436020e-07 1.399592e-06
1676476392.642395 4.164149e+03 -6.713079e-08 3.300843e-07 1.399592e-06

1676476395.943436 4.168626e+03 -6.951378e-08 3.039839e-07 1.399592e-06
1676476398.202510 4.160604e+03 -6.258413e-08 3.243130e-07 1.399592e-06
1676476400.461707 4.152582e+03 -8.114427e-08 3.352462e-07 1.399592e-06
1676476402.720431 4.144559e+03 -7.851946e-08 3.383013e-07 1.399592e-06
1676476404.978803 4.136537e+03 -8.422745e-08 3.521444e-07 1.399592e-06
1676476407.237369 4.128515e+03 -8.390934e-08 4.003781e-07 1.399592e-06
1676476409.494777 4.120492e+03 -9.755652e-08 4.113276e-07 1.399592e-06
1676476411.753654 4.112470e+03 -1.095185e-07 4.195743e-07 1.399592e-06
1676476414.012475 4.104448e+03 -1.089276e-07 4.499878e-07 1.399592e-06
1676476416.271692 4.096425e+03 -1.289542e-07 4.641879e-07 1.399592e-06
1676476418.531182 4.088403e+03 -1.566829e-07 5.088815e-07 1.399592e-06
1676476420.789800 4.080381e+03 -1.502666e-07 5.259105e-07 1.399592e-06
1676476423.049327 4.072359e+03 -1.699234e-07 5.560526e-07 1.399592e-06
1676476425.307655 4.064336e+03 -2.014782e-07 6.019162e-07 1.399592e-06
1676476427.566341 4.056314e+03 -2.483974e-07 6.464296e-07 1.399592e-06
1676476429.824960 4.048292e+03 -2.545257e-07 6.921822e-07 1.399592e-06
1676476432.083599 4.040269e+03 -3.239675e-07 7.585701e-07 1.399592e-06
1676476434.343153 4.032247e+03 -3.843837e-07 8.020951e-07 1.399592e-06
1676476436.601798 4.024225e+03 -4.766105e-07 8.674766e-07 1.399592e-06
1676476438.861784 4.016203e+03 -5.808147e-07 9.200331e-07 1.399592e-06
1676476441.120415 4.008180e+03 -7.460059e-07 9.875011e-07 1.399592e-06
1676476443.379277 4.000158e+03 -9.500592e-07 1.027782e-06 1.399592e-06
1676476445.639424 3.992136e+03 -1.199946e-06 1.005200e-06 1.399592e-06
1676476447.898753 3.984113e+03 -1.518447e-06 9.050669e-07 1.399592e-06
1676476450.158517 3.976091e+03 -1.806851e-06 6.375713e-07 1.399592e-06
1676476452.417179 3.968069e+03 -2.004730e-06 2.220062e-07 1.399592e-06
1676476454.676403 3.960047e+03 -1.971969e-06 -2.442304e-07 1.399592e-06
1676476456.935655 3.952024e+03 -1.770639e-06 -6.194380e-07 1.399592e-06
1676476459.194634 3.944002e+03 -1.483782e-06 -8.619842e-07 1.399592e-06
1676476461.452319 3.935980e+03 -1.198277e-06 -9.588218e-07 1.399592e-06
1676476463.710663 3.927957e+03 -9.527747e-07 -9.704609e-07 1.399592e-06
1676476465.969132 3.919935e+03 -7.460154e-07 -9.355671e-07 1.399592e-06
1676476468.227815 3.911913e+03 -6.153466e-07 -8.879833e-07 1.399592e-06
1676476470.488242 3.903891e+03 -5.208023e-07 -8.292755e-07 1.399592e-06
1676476472.746642 3.895868e+03 -4.311345e-07 -7.671132e-07 1.399592e-06
1676476475.005284 3.887846e+03 -3.654247e-07 -7.068769e-07 1.399592e-06
1676476477.264825 3.879824e+03 -3.353698e-07 -6.729236e-07 1.399592e-06
1676476479.523388 3.871802e+03 -2.868650e-07 -6.309574e-07 1.399592e-06
1676476481.782677 3.863779e+03 -2.310477e-07 -5.899751e-07 1.399592e-06
1676476484.043310 3.855757e+03 -2.106394e-07 -5.578414e-07 1.399592e-06
1676476486.303245 3.847735e+03 -1.963736e-07 -5.321786e-07 1.399592e-06
1676476488.563442 3.839712e+03 -1.669142e-07 -4.803019e-07 1.399592e-06
1676476490.821998 3.831690e+03 -1.784334e-07 -4.704117e-07 1.399592e-06
1676476493.080507 3.823668e+03 -1.488385e-07 -4.388631e-07 1.399592e-06
1676476495.339254 3.815646e+03 -1.320024e-07 -4.191149e-07 1.399592e-06
1676476497.598620 3.807623e+03 -1.201551e-07 -4.161262e-07 1.399592e-06
1676476499.858119 3.799601e+03 -1.260908e-07 -4.069606e-07 1.399592e-06
1676476502.118791 3.791579e+03 -1.122141e-07 -3.696669e-07 1.399592e-06
1676476504.376853 3.783557e+03 -1.105994e-07 -3.618903e-07 1.399592e-06
1676476506.635608 3.775534e+03 -1.044563e-07 -3.356787e-07 1.399592e-06

