1673131680.983734 1681.098000 -1.565753e-09 -1.370948e-08 1.011632e-09
1673131683.374243 1681.145900 3.290237e-10 -7.171938e-09 1.011632e-09
1673131685.833848 1681.193800 3.950069e-10 -7.159625e-09 1.011632e-09
1673131688.281789 1681.241700 2.356174e-10 -7.163224e-09 1.011632e-09
1673131690.785950 1681.289600 4.773726e-10 -7.572528e-09 1.011632e-09
1673131693.104556 1681.337500 3.281361e-10 -7.730437e-09 1.011632e-09
1673131695.420422 1681.385400 6.360180e-11 -8.461355e-09 1.011632e-09
1673131697.737815 1681.433300 1.232038e-10 -9.062537e-09 1.011632e-09
1673131700.119260 1681.481200 2.611203e-10 -9.339233e-09 1.011632e-09
1673131702.496505 1681.529100 -1.820873e-10 -9.993166e-09 1.011632e-09
1673131704.821007 1681.577000 -2.479342e-10 -1.054004e-08 1.011632e-09
1673131707.121092 1681.624900 -8.637244e-10 -1.130040e-08 1.011632e-09
1673131709.384415 1681.672900 -1.163936e-09 -1.226295e-08 1.011632e-09
1673131711.741470 1681.720700 -1.630926e-09 -1.327670e-08 1.011632e-09
1673131714.116084 1681.768600 -1.934330e-09 -1.417672e-08 1.011632e-09
1673131716.375023 1681.816500 -3.251035e-09 -1.579759e-08 1.011632e-09
1673131718.634015 1681.864400 -3.874223e-09 -1.760503e-08 1.011632e-09
1673131720.898897 1681.912400 -5.211659e-09 -1.912346e-08 1.011632e-09
1673131723.214463 1681.960200 -7.106457e-09 -2.100258e-08 1.011632e-09
1673131725.473133 1682.008100 -9.221991e-09 -2.264691e-08 1.011632e-09
1673131727.735709 1682.056000 -1.227293e-08 -2.351286e-08 1.011632e-09
1673131729.999236 1682.103900 -1.708332e-08 -2.587609e-08 1.011632e-09
1673131732.316551 1682.151900 -2.320159e-08 -2.625721e-08 1.011632e-09
1673131734.574888 1682.199700 -2.939367e-08 -2.499908e-08 1.011632e-09
1673131736.831534 1682.247600 -3.744532e-08 -1.977461e-08 1.011632e-09
1673131739.093979 1682.295500 -4.321725e-08 -1.201076e-08 1.011632e-09
1673131741.361379 1682.343400 -4.584905e-08 -1.801983e-09 1.011632e-09
1673131743.621791 1682.391400 -4.320709e-08 8.575281e-09 1.011632e-09
1673131745.879321 1682.439200 -3.684289e-08 1.572588e-08 1.011632e-09
1673131748.142983 1682.487100 -2.975162e-08 1.955922e-08 1.011632e-09
1673131750.411628 1682.535000 -2.390242e-08 2.000721e-08 1.011632e-09
1673131752.733099 1682.582900 -1.901310e-08 1.965567e-08 1.011632e-09
1673131754.991535 1682.630900 -1.570197e-08 1.899756e-08 1.011632e-09
1673131757.249968 1682.678700 -1.365915e-08 1.762180e-08 1.011632e-09
1673131759.507634 1682.726600 -1.146791e-08 1.663667e-08 1.011632e-09
1673131761.845737 1682.774500 -9.966460e-09 1.584293e-08 1.011632e-09
1673131764.104852 1682.822400 -8.325935e-09 1.483989e-08 1.011632e-09
1673131766.360523 1682.870200 -7.747141e-09 1.424630e-08 1.011632e-09
1673131768.617070 1682.918200 -6.683517e-09 1.309902e-08 1.011632e-09
1673131770.941590 1682.966100 -6.774423e-09 1.296208e-08 1.011632e-09
1673131773.199482 1683.014000 -5.640773e-09 1.182931e-08 1.011632e-09
1673131775.459233 1683.061900 -5.482379e-09 1.203944e-08 1.011632e-09
1673131777.722599 1683.109700 -4.859793e-09 1.062383e-08 1.011632e-09
1673131780.035717 1683.157700 -4.151487e-09 1.042631e-08 1.011632e-09
1673131782.293627 1683.205600 -3.649698e-09 1.025185e-08 1.011632e-09
1673131784.549799 1683.253500 -3.404752e-09 1.013380e-08 1.011632e-09
1673131786.813132 1683.301400 -3.259292e-09 9.797489e-09 1.011632e-09
1673131789.128181 1683.349200 -3.056693e-09 8.985061e-09 1.011632e-09
1673131791.382937 1683.397200 -2.901375e-09 8.735032e-09 1.011632e-09
1673131793.638145 1683.445100 -2.372611e-09 8.225823e-09 1.011632e-09
1673131795.901093 1683.493000 -2.577535e-09 7.870779e-09 1.011632e-09

1673132017.899284 1681.098000 8.032288e-10 -1.383034e-08 2.023263e-09
1673132020.276736 1681.145900 7.649319e-10 -1.453605e-08 2.023263e-09
1673132022.596289 1681.193800 2.403602e-10 -1.502740e-08 2.023263e-09
1673132024.916323 1681.241700 9.084899e-10 -1.557777e-08 2.023263e-09
1673132027.237891 1681.289600 6.191550e-10 -1.672914e-08 2.023263e-09
1673132029.639621 1681.337500 5.836125e-10 -1.711187e-08 2.023263e-09
1673132032.139437 1681.385400 1.960920e-10 -1.825978e-08 2.023263e-09
1673132034.521220 1681.433300 2.176921e-10 -1.895371e-08 2.023263e-09
1673132036.837814 1681.481200 -1.538763e-10 -2.004809e-08 2.023263e-09
1673132039.158244 1681.529100 -5.566258e-10 -2.114636e-08 2.023263e-09
1673132041.511544 1681.577000 -1.355299e-09 -2.290382e-08 2.023263e-09
1673132043.830209 1681.624900 -1.598521e-09 -2.433943e-08 2.023263e-09
1673132046.321195 1681.672900 -2.375727e-09 -2.604234e-08 2.023263e-09
1673132048.647889 1681.720700 -3.091010e-09 -2.797236e-08 2.023263e-09
1673132050.956513 1681.768600 -3.978005e-09 -2.992107e-08 2.023263e-09
1673132053.270307 1681.816500 -5.316891e-09 -3.289832e-08 2.023263e-09
1673132055.584915 1681.864400 -7.599635e-09 -3.536135e-08 2.023263e-09
1673132057.895676 1681.912400 -9.831186e-09 -3.898091e-08 2.023263e-09
1673132060.207254 1681.960200 -1.369572e-08 -4.245229e-08 2.023263e-09
1673132062.520575 1682.008100 -1.873922e-08 -4.594351e-08 2.023263e-09
1673132064.834476 1682.056000 -2.516928e-08 -4.972166e-08 2.023263e-09
1673132067.152464 1682.103900 -3.429560e-08 -5.265166e-08 2.023263e-09
1673132069.462734 1682.151900 -4.556885e-08 -5.293098e-08 2.023263e-09
1673132071.773816 1682.199700 -6.007274e-08 -4.999514e-08 2.023263e-09
1673132074.090610 1682.247600 -7.477434e-08 -4.022481e-08 2.023263e-09
1673132076.405477 1682.295500 -8.625446e-08 -2.361771e-08 2.023263e-09
1673132078.722695 1682.343400 -9.099327e-08 -2.562814e-09 2.023263e-09
1673132081.040615 1682.391400 -8.537173e-08 1.741699e-08 2.023263e-09
1673132083.357685 1682.439200 -7.307214e-08 3.047179e-08 2.023263e-09
1673132085.671912 1682.487100 -5.904892e-08 3.718107e-08 2.023263e-09
1673132087.984086 1682.535000 -4.812169e-08 3.862582e-08 2.023263e-09
1673132090.300714 1682.582900 -3.903776e-08 3.796187e-08 2.023263e-09
1673132092.620877 1682.630900 -3.221034e-08 3.664359e-08 2.023263e-09
1673132094.939124 1682.678700 -2.718078e-08 3.451965e-08 2.023263e-09
1673132097.255545 1682.726600 -2.350147e-08 3.240446e-08 2.023263e-09
1673132099.571839 1682.774500 -1.979151e-08 3.045351e-08 2.023263e-09
1673132101.949024 1682.822400 -1.789794e-08 2.867157e-08 2.023263e-09
1673132104.264890 1682.870200 -1.583706e-08 2.730502e-08 2.023263e-09
1673132106.585240 1682.918200 -1.417625e-08 2.528843e-08 2.023263e-09
1673132108.906066 1682.966100 -1.294017e-08 2.430977e-08 2.023263e-09
1673132111.225738 1683.014000 -1.187280e-08 2.325933e-08 2.023263e-09
1673132113.550891 1683.061900 -1.067911e-08 2.171827e-08 2.023263e-09
1673132115.868375 1683.109700 -9.229832e-09 2.045669e-08 2.023263e-09
1673132118.193124 1683.157700 -9.114412e-09 1.978928e-08 2.023263e-09
1673132120.514420 1683.205600 -8.278632e-09 1.929895e-08 2.023263e-09
1673132122.835610 1683.253500 -7.439495e-09 1.838210e-08 2.023263e-09
1673132125.158975 1683.301400 -7.074190e-09 1.768145e-08 2.023263e-09
1673132127.482712 1683.349200 -6.488734e-09 1.714951e-08 2.023263e-09
1673132129.802561 1683.397200 -6.295550e-09 1.612925e-08 2.023263e-09
1673132132.121950 1683.445100 -5.853066e-09 1.566082e-08 2.023263e-09

1673132359.355652 1681.098000 1.339647e-09 -2.145670e-08 3.034895e-09
1673132361.796706 1681.145900 1.193445e-09 -2.167144e-08 3.034895e-09
1673132364.303287 1681.193800 9.824195e-10 -2.259370e-08 3.034895e-09
1673132366.556588 1681.241700 9.545565e-10 -2.429208e-08 3.034895e-09
1673132368.815292 1681.289600 1.186301e-09 -2.492747e-08 3.034895e-09
1673132371.072289 1681.337500 6.198111e-10 -2.609041e-08 3.034895e-09
1673132373.329917 1681.385400 2.637547e-10 -2.768471e-08 3.034895e-09
1673132375.586588 1681.433300 1.967389e-10 -2.878123e-08 3.034895e-09
1673132377.840515 1681.481200 -1.574308e-10 -3.085222e-08 3.034895e-09
1673132380.099031 1681.529100 -3.880373e-10 -3.246740e-08 3.034895e-09
1673132382.365032 1681.577000 -1.044877e-09 -3.471037e-08 3.034895e-09
1673132384.620544 1681.624900 -2.632649e-09 -3.708604e-08 3.034895e-09
1673132386.877253 1681.672900 -3.359396e-09 -3.958095e-08 3.034895e-09
1673132389.136072 1681.720700 -4.732238e-09 -4.225901e-08 3.034895e-09
1673132391.395144 1681.768600 -6.159461e-09 -4.593983e-08 3.034895e-09
1673132393.654199 1681.816500 -8.138503e-09 -4.981424e-08 3.034895e-09
1673132395.913981 1681.864400 -1.121066e-08 -5.408296e-08 3.034895e-09
1673132398.169711 1681.912400 -1.472873e-08 -5.897651e-08 3.034895e-09
1673132400.426802 1681.960200 -2.105075e-08 -6.450073e-08 3.034895e-09
1673132402.686628 1682.008100 -2.865787e-08 -7.026340e-08 3.034895e-09
1673132404.945206 1682.056000 -3.864447e-08 -7.535745e-08 3.034895e-09
1673132407.197432 1682.103900 -5.215554e-08 -7.923978e-08 3.034895e-09
1673132409.455625 1682.151900 -7.031758e-08 -8.022861e-08 3.034895e-09
1673132411.714896 1682.199700 -9.112252e-08 -7.468880e-08 3.034895e-09
1673132413.973877 1682.247600 -1.135762e-07 -6.048454e-08 3.034895e-09
1673132416.232959 1682.295500 -1.307143e-07 -3.507852e-08 3.034895e-09
1673132418.493435 1682.343400 -1.357909e-07 -3.651693e-09 3.034895e-09
1673132420.751403 1682.391400 -1.269225e-07 2.637764e-08 3.034895e-09
1673132423.012732 1682.439200 -1.083401e-07 4.589674e-08 3.034895e-09
1673132425.275787 1682.487100 -8.782859e-08 5.450485e-08 3.034895e-09
1673132427.583109 1682.535000 -7.138389e-08 5.711028e-08 3.034895e-09
1673132429.903041 1682.582900 -5.840741e-08 5.622218e-08 3.034895e-09
1673132432.219526 1682.630900 -4.888212e-08 5.343720e-08 3.034895e-09
1673132434.539292 1682.678700 -4.069793e-08 5.083081e-08 3.034895e-09
1673132436.861771 1682.726600 -3.524724e-08 4.767146e-08 3.034895e-09
1673132439.191268 1682.774500 -3.081785e-08 4.486405e-08 3.034895e-09
1673132441.516631 1682.822400 -2.692433e-08 4.254360e-08 3.034895e-09
1673132443.841779 1682.870200 -2.408689e-08 4.042068e-08 3.034895e-09
1673132446.158405 1682.918200 -2.182213e-08 3.841597e-08 3.034895e-09
1673132448.477189 1682.966100 -1.884284e-08 3.614443e-08 3.034895e-09
1673132450.799615 1683.014000 -1.724758e-08 3.400034e-08 3.034895e-09
1673132453.120056 1683.061900 -1.554799e-08 3.246468e-08 3.034895e-09
1673132455.444580 1683.109700 -1.403886e-08 3.044094e-08 3.034895e-09
1673132457.768208 1683.157700 -1.310391e-08 2.941853e-08 3.034895e-09
1673132460.085770 1683.205600 -1.205738e-08 2.839958e-08 3.034895e-09
1673132462.417583 1683.253500 -1.153543e-08 2.681731e-08 3.034895e-09
1673132464.745003 1683.301400 -1.055479e-08 2.608192e-08 3.034895e-09
1673132467.060498 1683.349200 -9.933811e-09 2.481756e-08 3.034895e-09
1673132469.378617 1683.397200 -9.059154e-09 2.385253e-08 3.034895e-09
1673132471.713696 1683.445100 -9.346329e-09 2.308419e-08 3.034895e-09

1673132698.657536 1681.098000 1.934656e-09 -2.837194e-08 4.046526e-09
1673132700.918878 1681.145900 1.710136e-09 -2.971489e-08 4.046526e-09
1673132703.176823 1681.193800 9.983241e-10 -3.107394e-08 4.046526e-09
1673132705.440076 1681.241700 1.066615e-09 -3.219090e-08 4.046526e-09
1673132707.702845 1681.289600 7.582683e-10 -3.344017e-08 4.046526e-09
1673132709.966018 1681.337500 1.497165e-09 -3.547214e-08 4.046526e-09
1673132712.226989 1681.385400 9.422722e-10 -3.753792e-08 4.046526e-09
1673132714.488628 1681.433300 1.654886e-10 -3.936424e-08 4.046526e-09
1673132716.750542 1681.481200 -4.595962e-10 -4.156634e-08 4.046526e-09
1673132719.011312 1681.529100 -1.256684e-09 -4.378697e-08 4.046526e-09
1673132721.272887 1681.577000 -1.745152e-09 -4.667473e-08 4.046526e-09
1673132723.533801 1681.624900 -3.223870e-09 -4.969222e-08 4.046526e-09
1673132725.796290 1681.672900 -4.215728e-09 -5.262367e-08 4.046526e-09
1673132728.058300 1681.720700 -5.636294e-09 -5.650406e-08 4.046526e-09
1673132730.317786 1681.768600 -8.180221e-09 -6.180541e-08 4.046526e-09
1673132732.578533 1681.816500 -1.101467e-08 -6.694665e-08 4.046526e-09
1673132734.841075 1681.864400 -1.511095e-08 -7.269278e-08 4.046526e-09
1673132737.109664 1681.912400 -2.011572e-08 -7.934550e-08 4.046526e-09
1673132739.372159 1681.960200 -2.773622e-08 -8.659726e-08 4.046526e-09
1673132741.632693 1682.008100 -3.755139e-08 -9.427093e-08 4.046526e-09
1673132743.895233 1682.056000 -5.196507e-08 -1.016263e-07 4.046526e-09
1673132746.156121 1682.103900 -7.027067e-08 -1.061257e-07 4.046526e-09
1673132748.418226 1682.151900 -9.451560e-08 -1.070975e-07 4.046526e-09
1673132750.675140 1682.199700 -1.233032e-07 -9.945206e-08 4.046526e-09
1673132752.936189 1682.247600 -1.527600e-07 -7.918340e-08 4.046526e-09
1673132755.195144 1682.295500 -1.743819e-07 -4.367240e-08 4.046526e-09
1673132757.451456 1682.343400 -1.803150e-07 -1.283563e-09 4.046526e-09
1673132759.717991 1682.391400 -1.662231e-07 3.682800e-08 4.046526e-09
1673132761.978024 1682.439200 -1.427812e-07 6.103146e-08 4.046526e-09
1673132764.240185 1682.487100 -1.167650e-07 7.300356e-08 4.046526e-09
1673132766.498967 1682.535000 -9.499263e-08 7.614573e-08 4.046526e-09
1673132768.760983 1682.582900 -7.789343e-08 7.426102e-08 4.046526e-09
1673132771.023550 1682.630900 -6.493009e-08 7.166972e-08 4.046526e-09
1673132773.288551 1682.678700 -5.483933e-08 6.789056e-08 4.046526e-09
1673132775.549228 1682.726600 -4.735721e-08 6.335322e-08 4.046526e-09
1673132777.811855 1682.774500 -4.155863e-08 5.986798e-08 4.046526e-09
1673132780.072463 1682.822400 -3.662363e-08 5.650439e-08 4.046526e-09
1673132782.330898 1682.870200 -3.221935e-08 5.345858e-08 4.046526e-09
1673132784.592742 1682.918200 -2.858901e-08 5.068431e-08 4.046526e-09
1673132786.855177 1682.966100 -2.549692e-08 4.784609e-08 4.046526e-09
1673132789.112730 1683.014000 -2.294938e-08 4.546837e-08 4.046526e-09
1673132791.374765 1683.061900 -2.105548e-08 4.294388e-08 4.046526e-09
1673132793.634044 1683.109700 -1.912056e-08 4.084651e-08 4.046526e-09
1673132795.894954 1683.157700 -1.806809e-08 3.911562e-08 4.046526e-09
1673132798.154838 1683.205600 -1.685455e-08 3.722045e-08 4.046526e-09
1673132800.422461 1683.253500 -1.540358e-08 3.569171e-08 4.046526e-09
1673132802.682979 1683.301400 -1.448294e-08 3.435990e-08 4.046526e-09
1673132804.945485 1683.349200 -1.342453e-08 3.230346e-08 4.046526e-09
1673132807.208297 1683.397200 -1.235051e-08 3.125375e-08 4.046526e-09
1673132809.470553 1683.445100 -1.171674e-08 3.005295e-08 4.046526e-09
1673132811.728826 1683.493000 -1.123845e-08 2.885531e-08 4.046526e-09

1673133034.708204 1681.098000 1.927075e-09 -3.625889e-08 5.058158e-09
1673133036.971336 1681.145900 2.190568e-09 -3.792943e-08 5.058158e-09
1673133039.236459 1681.193800 1.419436e-09 -3.859163e-08 5.058158e-09
1673133041.499147 1681.241700 1.758484e-09 -4.079674e-08 5.058158e-09
1673133043.756787 1681.289600 1.195616e-09 -4.255634e-08 5.058158e-09
1673133046.019555 1681.337500 1.166007e-09 -4.444966e-08 5.058158e-09
1673133048.279615 1681.385400 5.590444e-10 -4.698198e-08 5.058158e-09
1673133050.540493 1681.433300 4.973859e-10 -4.908845e-08 5.058158e-09
1673133052.803368 1681.481200 -7.868512e-10 -5.227003e-08 5.058158e-09
1673133055.068076 1681.529100 -1.309551e-09 -5.484236e-08 5.058158e-09
1673133057.332423 1681.577000 -2.286333e-09 -5.925754e-08 5.058158e-09
1673133059.593006 1681.624900 -3.048472e-09 -6.234618e-08 5.058158e-09
1673133061.859356 1681.672900 -5.497555e-09 -6.673752e-08 5.058158e-09
1673133064.119189 1681.720700 -7.026765e-09 -7.159847e-08 5.058158e-09
1673133066.385522 1681.768600 -9.869148e-09 -7.735870e-08 5.058158e-09
1673133068.644759 1681.816500 -1.323427e-08 -8.411313e-08 5.058158e-09
1673133070.906721 1681.864400 -1.837301e-08 -9.194057e-08 5.058158e-09
1673133073.165149 1681.912400 -2.460590e-08 -9.963322e-08 5.058158e-09
1673133075.431367 1681.960200 -3.448009e-08 -1.082076e-07 5.058158e-09
1673133077.689109 1682.008100 -4.758722e-08 -1.178215e-07 5.058158e-09
1673133079.949199 1682.056000 -6.554041e-08 -1.267682e-07 5.058158e-09
1673133082.209260 1682.103900 -8.911038e-08 -1.331367e-07 5.058158e-09
1673133084.469389 1682.151900 -1.193307e-07 -1.331168e-07 5.058158e-09
1673133086.727618 1682.199700 -1.562003e-07 -1.228430e-07 5.058158e-09
1673133088.986741 1682.247600 -1.923117e-07 -9.503791e-08 5.058158e-09
1673133091.247100 1682.295500 -2.178462e-07 -5.008539e-08 5.058158e-09
1673133093.504773 1682.343400 -2.223792e-07 2.230573e-09 5.058158e-09
1673133095.759270 1682.391400 -2.055461e-07 4.764397e-08 5.058158e-09
1673133098.016127 1682.439200 -1.759274e-07 7.683861e-08 5.058158e-09
1673133100.281614 1682.487100 -1.446229e-07 9.004674e-08 5.058158e-09
1673133102.540779 1682.535000 -1.182958e-07 9.437339e-08 5.058158e-09
1673133104.803905 1682.582900 -9.699840e-08 9.241276e-08 5.058158e-09
1673133107.060626 1682.630900 -8.134643e-08 8.828712e-08 5.058158e-09
1673133109.323713 1682.678700 -6.922838e-08 8.419116e-08 5.058158e-09
1673133111.584962 1682.726600 -5.954299e-08 7.940418e-08 5.058158e-09
1673133113.844949 1682.774500 -5.146689e-08 7.452280e-08 5.058158e-09
1673133116.113708 1682.822400 -4.496144e-08 7.007160e-08 5.058158e-09
1673133118.375813 1682.870200 -4.061020e-08 6.647054e-08 5.058158e-09
1673133120.638545 1682.918200 -3.611877e-08 6.262228e-08 5.058158e-09
1673133122.897294 1682.966100 -3.164369e-08 5.904944e-08 5.058158e-09
1673133125.161230 1683.014000 -2.865731e-08 5.588246e-08 5.058158e-09
1673133127.420496 1683.061900 -2.606189e-08 5.299431e-08 5.058158e-09
1673133129.677856 1683.109700 -2.444878e-08 5.086775e-08 5.058158e-09
1673133131.937549 1683.157700 -2.209691e-08 4.821465e-08 5.058158e-09
1673133134.197378 1683.205600 -2.124951e-08 4.605825e-08 5.058158e-09
1673133136.459619 1683.253500 -1.940842e-08 4.401728e-08 5.058158e-09
1673133138.719899 1683.301400 -1.765550e-08 4.234747e-08 5.058158e-09
1673133140.982516 1683.349200 -1.645773e-08 4.060670e-08 5.058158e-09
1673133143.241830 1683.397200 -1.560444e-08 3.911640e-08 5.058158e-09
1673133145.497149 1683.445100 -1.428312e-08 3.707008e-08 5.058158e-09
1673133147.751401 1683.493000 -1.390707e-08 3.611440e-08 5.058158e-09

1673133371.366214 1681.098000 2.742960e-09 -4.353088e-08 6.069789e-09
1673133373.727880 1681.145900 2.694928e-09 -4.489470e-08 6.069789e-09
1673133376.052907 1681.193800 2.384397e-09 -4.690914e-08 6.069789e-09
1673133378.369588 1681.241700 1.860533e-09 -4.941611e-08 6.069789e-09
1673133380.698112 1681.289600 1.756377e-09 -5.103560e-08 6.069789e-09
1673133383.021136 1681.337500 1.288203e-09 -5.369941e-08 6.069789e-09
1673133385.350530 1681.385400 7.756521e-10 -5.599386e-08 6.069789e-09
1673133387.675384 1681.433300 -6.846548e-10 -5.970976e-08 6.069789e-09
1673133390.003655 1681.481200 -2.569955e-10 -6.320279e-08 6.069789e-09
1673133392.327894 1681.529100 -1.157932e-09 -6.644227e-08 6.069789e-09
1673133394.657083 1681.577000 -3.230104e-09 -7.094798e-08 6.069789e-09
1673133396.985047 1681.624900 -5.009909e-09 -7.584347e-08 6.069789e-09
1673133399.313696 1681.672900 -6.350296e-09 -8.043579e-08 6.069789e-09
1673133401.641852 1681.720700 -8.189542e-09 -8.640674e-08 6.069789e-09
1673133403.966820 1681.768600 -1.230427e-08 -9.329450e-08 6.069789e-09
1673133406.287570 1681.816500 -1.650227e-08 -1.009049e-07 6.069789e-09
1673133408.611622 1681.864400 -2.248844e-08 -1.098102e-07 6.069789e-09
1673133410.938472 1681.912400 -3.080517e-08 -1.196183e-07 6.069789e-09
1673133413.257007 1681.960200 -4.232603e-08 -1.306959e-07 6.069789e-09
1673133415.577194 1682.008100 -5.777746e-08 -1.421278e-07 6.069789e-09
1673133417.897331 1682.056000 -7.921259e-08 -1.518395e-07 6.069789e-09
1673133420.217625 1682.103900 -1.087336e-07 -1.591613e-07 6.069789e-09
1673133422.537435 1682.151900 -1.466441e-07 -1.585603e-07 6.069789e-09
1673133424.857965 1682.199700 -1.898637e-07 -1.430660e-07 6.069789e-09
1673133427.174487 1682.247600 -2.327247e-07 -1.078476e-07 6.069789e-09
1673133429.431473 1682.295500 -2.599147e-07 -5.235365e-08 6.069789e-09
1673133431.750520 1682.343400 -2.629762e-07 9.064834e-09 6.069789e-09
1673133434.070833 1682.391400 -2.407493e-07 6.013736e-08 6.069789e-09
1673133436.389311 1682.439200 -2.064219e-07 9.254065e-08 6.069789e-09
1673133438.710799 1682.487100 -1.710191e-07 1.073936e-07 6.069789e-09
1673133441.031308 1682.535000 -1.403205e-07 1.109446e-07 6.069789e-09
1673133443.350089 1682.582900 -1.158567e-07 1.092063e-07 6.069789e-09
1673133445.672529 1682.630900 -9.720997e-08 1.050948e-07 6.069789e-09
1673133447.996526 1682.678700 -8.261740e-08 1.000776e-07 6.069789e-09
1673133450.321815 1682.726600 -7.116895e-08 9.430426e-08 6.069789e-09
1673133452.646962 1682.774500 -6.211376e-08 8.897372e-08 6.069789e-09
1673133454.976223 1682.822400 -5.386101e-08 8.379744e-08 6.069789e-09
1673133457.298536 1682.870200 -4.788225e-08 7.917252e-08 6.069789e-09
1673133459.617791 1682.918200 -4.272525e-08 7.499577e-08 6.069789e-09
1673133461.943746 1682.966100 -3.807134e-08 7.088327e-08 6.069789e-09
1673133464.264497 1683.014000 -3.482695e-08 6.699851e-08 6.069789e-09
1673133466.588323 1683.061900 -3.146163e-08 6.409918e-08 6.069789e-09
1673133468.912755 1683.109700 -2.881663e-08 6.074825e-08 6.069789e-09
1673133471.239247 1683.157700 -2.668594e-08 5.789806e-08 6.069789e-09
1673133473.565009 1683.205600 -2.504758e-08 5.523620e-08 6.069789e-09
1673133475.890549 1683.253500 -2.262565e-08 5.308482e-08 6.069789e-09
1673133478.214595 1683.301400 -2.156900e-08 5.050326e-08 6.069789e-09
1673133480.536884 1683.349200 -1.969224e-08 4.833075e-08 6.069789e-09
1673133482.862572 1683.397200 -1.856513e-08 4.644235e-08 6.069789e-09
1673133485.186585 1683.445100 -1.757822e-08 4.502689e-08 6.069789e-09
1673133487.510082 1683.493000 -1.700933e-08 4.319275e-08 6.069789e-09

